Operator1_bts_locations 48
39
106
196
86
27
28
123
179
183
247
238
40
159
242
110
17
157
174
232
22
173
193
226
175
126
176
90
106
131
78
206
146
63
85
132
130
26
241
69
105
49
63
131
78
147
209
179
70
246
141
147
55
5
90
104
138
86
159
230
10
242
163
26
45
91
122
129
77
43
183
235
81
105
26
172
41
78
214
186
80
185
237
165
88
222
173
103
47
170
20
26
234
205
140
165
203
167
86
150
216
169
75
120
52
173
206
172
154
100
142
32
71
200
221
194
209
167
66
219
239
232
171
48
55
173
96
94
15
122
130
150
239
8
11
45
185
177
242
227
Operator2_bts_locations 64
122
188
101
71
44
149
71
173
159
185
222
33
214
192
127
100
102
248
157
154
44
37
17
234
204
150
62
248
148
140
220
236
79
233
8
45
54
236
220
31
20
10
6
226
72
71
75
195
200
39
176
117
206
10
58
24
21
50
123
64
196
1
130
50
178
230
80
112
19
59
230
139
200
238
34
103
132
67
121
19
139
202
223
233
186
165
47
202
196
113
124
114
21
88
108
214
222
144
72
69
148
205
13
76
129
91
213
127
160
198
187
42
198
68
67
49
93
219
56
121
244
130
189
152
159
6
231
36
170
82
206
78
85
60
51
134
230
40
138
Operator1_coefficient_parameters 100
1
10
Operator1_coefficient_parameters 100
1
10
thetha_l 10
alpa 4
beta_l 7
pl 23
number_of_avg_runs 10
max_number_of_controllers 100
upper_bound_xy_limit 250
lower_bound_xy_limit 0
max_iterations 100
pool_computing 0
on_lb 5.000000e-01
off_lb 4.999000e-01
starting_pos 5.000000e-01
Carrom 0
***********simulannealbnd parms*************InitialTemperature: 1000000
ReannealInterval: 10000
StallIterLimit: 15
TolFun: 1.000000e-05
cooling: 9.999000e-01
