Operator1_bts_locations 124
123
27
245
73
239
196
84
79
116
43
194
13
25
111
15
198
213
90
95
183
155
129
17
160
146
46
182
135
103
202
214
24
245
26
60
35
120
24
1
97
210
241
113
152
157
71
80
102
72
19
121
60
131
202
15
41
117
18
235
62
86
97
193
84
55
112
11
172
188
84
125
49
244
159
142
246
99
126
122
139
133
134
141
77
34
19
203
234
12
238
100
109
59
208
146
16
62
164
192
231
58
95
97
242
25
152
16
226
13
20
202
91
163
32
152
129
117
44
180
125
95
131
34
149
137
158
141
67
233
55
3
150
105
73
226
1
131
72
155
181
184
187
86
123
212
87
238
229
247
225
42
103
22
245
173
154
43
66
77
9
96
142
116
164
113
174
218
142
206
213
49
226
163
4
118
37
116
131
90
212
4
57
207
181
172
143
55
202
21
174
119
46
127
239
133
36
89
138
84
Operator2_bts_locations 243
162
229
128
39
196
193
95
39
30
155
230
186
145
205
58
169
3
56
125
31
192
177
69
6
204
135
41
204
240
244
77
230
83
176
174
238
101
19
67
137
56
1
217
196
224
228
18
236
217
173
31
55
46
17
24
187
70
84
42
90
39
42
220
119
118
238
208
125
243
56
152
212
234
28
223
217
101
58
247
115
205
188
69
216
109
240
68
94
113
138
31
2
114
74
63
142
222
217
112
201
104
180
174
1
139
28
12
214
101
33
219
220
102
40
25
194
32
77
84
236
161
201
25
150
103
72
27
133
178
204
131
230
184
163
121
3
124
2
98
34
91
13
198
4
183
152
157
189
247
20
201
115
85
228
161
8
217
241
188
14
213
52
9
9
223
155
154
52
87
226
189
96
176
139
106
232
120
174
124
214
202
118
223
134
248
44
233
76
184
131
82
177
68
186
126
114
6
198
145
Operator1_coefficient_parameters 100
1
10
Operator1_coefficient_parameters 100
1
10
thetha_l 10
alpa 4
beta_l 7
pl 23
number_of_avg_runs 10
max_number_of_controllers 160
upper_bound_xy_limit 250
lower_bound_xy_limit 0
max_iterations 100
pool_computing 0
on_lb 5.000000e-01
off_lb 4.999000e-01
starting_pos 5.000000e-01
Carrom 0
***********simulannealbnd parms*************InitialTemperature: 1000000
ReannealInterval: 10000
StallIterLimit: 15
TolFun: 1.000000e-05
cooling: 9.999000e-01
