Operator1_bts_locations 227
43
97
35
100
122
182
58
100
61
7
98
109
13
190
39
166
177
86
167
64
80
47
100
79
82
78
215
6
10
35
181
4
100
180
73
22
52
232
240
138
142
230
22
87
194
132
110
33
124
199
52
24
157
154
115
158
16
178
142
45
197
137
107
213
143
123
219
193
189
80
213
100
208
61
69
93
223
214
54
Operator2_bts_locations 101
77
221
199
233
238
78
197
28
181
23
241
99
39
62
185
113
56
138
190
178
93
243
108
21
93
31
250
25
147
237
61
96
54
107
212
132
95
141
248
114
120
24
54
51
75
105
211
174
63
153
19
179
80
180
59
189
118
114
68
201
151
244
78
158
246
213
20
56
248
24
81
117
38
131
141
97
223
172
162
Operator1_coefficient_parameters 3.333333e-01
3.333333e-01
3.333333e-01
Operator1_coefficient_parameters 3.333333e-01
3.333333e-01
3.333333e-01
thetha_l 10
alpa 4
beta_l 7
pl 23
number_of_avg_runs 5
max_number_of_controllers 54
upper_bound_xy_limit 250
lower_bound_xy_limit 0
max_iterations 100
pool_computing 0
on_lb 5.000000e-01
off_lb 4.999000e-01
starting_pos 5.000000e-01
Carrom 1
***********simulannealbnd parms*************InitialTemperature: 1000000
ReannealInterval: 10000
StallIterLimit: 15
TolFun: 1.000000e-05
cooling: 9.999000e-01
