Operator1_bts_locations 36
115
161
107
30
7
146
81
97
41
245
235
183
215
102
146
194
93
144
14
106
155
61
229
165
145
124
213
81
117
170
175
227
105
160
233
137
237
108
232
152
79
35
92
65
44
105
44
29
127
67
176
65
161
4
40
186
154
116
165
180
85
197
183
217
111
4
68
115
195
82
11
250
69
61
242
68
88
16
146
Operator2_bts_locations 113
80
67
242
175
28
31
170
178
172
199
158
247
193
232
175
141
21
223
44
242
42
43
236
39
93
113
47
241
86
119
164
172
186
229
49
238
235
158
47
241
177
57
39
170
59
17
136
132
239
9
195
67
239
118
40
195
215
148
23
212
136
156
163
196
28
160
232
63
188
114
109
184
27
188
28
222
163
185
181
Operator1_coefficient_parameters 1
1.000000e-02
1.000000e-01
Operator1_coefficient_parameters 1
1.000000e-02
1.000000e-01
thetha_l 10
alpa 4
beta_l 7
pl 23
number_of_avg_runs 10
max_number_of_controllers 54
upper_bound_xy_limit 250
lower_bound_xy_limit 0
max_iterations 100
pool_computing 0
on_lb 5.000000e-01
off_lb 4.999000e-01
starting_pos 5.000000e-01
Carrom 0
***********simulannealbnd parms*************InitialTemperature: 1000000
ReannealInterval: 10000
StallIterLimit: 15
TolFun: 1.000000e-05
cooling: 9.999000e-01
