Operator1_bts_locations 39
248
175
172
100
248
228
37
109
102
235
99
200
1
131
178
56
73
201
224
203
165
247
169
51
37
51
25
156
170
80
46
229
30
244
52
230
168
57
38
180
25
141
132
55
167
114
123
117
194
91
179
40
125
50
46
170
225
151
65
146
120
218
169
152
221
202
150
47
233
165
174
202
95
63
83
245
62
99
7
194
112
30
250
170
111
39
78
134
108
223
39
128
182
182
202
174
136
33
112
123
175
132
57
120
11
204
50
131
183
15
106
20
129
142
74
218
185
166
241
222
233
179
21
64
88
225
180
66
33
190
202
67
200
108
223
195
67
53
94
200
61
195
70
130
66
155
104
80
76
116
206
113
240
113
18
48
140
237
154
Operator2_bts_locations 204
142
135
3
73
164
218
179
184
189
16
195
5
88
167
146
199
21
19
125
44
23
54
139
23
20
235
128
246
180
179
74
237
102
25
11
99
150
3
76
87
173
85
32
134
227
71
132
199
77
4
187
72
232
2
118
35
72
135
85
204
131
47
221
14
135
158
221
189
94
212
124
33
116
29
72
102
18
98
192
234
235
78
162
230
162
46
213
245
82
64
143
184
158
7
74
31
36
184
116
134
73
211
40
6
150
163
123
249
129
96
137
19
209
64
43
118
58
77
125
211
206
15
36
65
223
63
94
78
107
32
195
53
198
214
2
206
71
28
105
41
14
192
216
199
75
216
184
16
167
19
25
130
183
72
247
145
235
60
212
Operator1_coefficient_parameters 100
1
10
Operator1_coefficient_parameters 100
1
10
thetha_l 10
alpa 4
beta_l 7
pl 23
number_of_avg_runs 1
max_number_of_controllers 120
upper_bound_xy_limit 250
lower_bound_xy_limit 0
max_iterations 100
pool_computing 0
on_lb 5.000000e-01
off_lb 4.999000e-01
starting_pos 5.000000e-01
Carrom 0
***********simulannealbnd parms*************InitialTemperature: 1000000
ReannealInterval: 10000
StallIterLimit: 15
TolFun: 1.000000e-05
cooling: 9.999000e-01
