Operator1_bts_locations 184
249
211
206
26
236
162
147
198
119
206
127
157
176
146
207
159
38
145
73
97
187
149
188
120
3
92
62
220
164
89
45
158
115
58
29
1
72
169
3
151
133
2
233
75
111
246
12
186
148
223
68
78
175
45
176
189
5
187
159
108
92
6
63
97
24
36
133
165
70
64
130
169
242
166
199
188
215
44
225
182
137
247
227
194
208
131
125
160
147
172
91
81
190
143
175
128
151
97
19
138
46
184
214
44
130
238
126
213
222
112
101
78
190
175
110
43
46
205
44
151
194
102
59
22
228
53
60
95
13
81
61
73
1
118
192
61
173
123
94
Operator2_bts_locations 186
27
210
83
171
23
62
49
151
14
95
106
115
63
160
104
237
50
162
161
118
138
215
54
176
236
117
237
38
170
17
51
246
2
228
22
4
174
91
201
163
248
75
207
35
250
72
64
74
183
1
100
84
57
72
52
134
202
214
218
178
76
83
226
105
222
150
218
34
59
152
162
188
138
133
121
206
183
184
113
232
229
44
241
91
6
189
152
108
242
222
129
108
51
16
147
200
180
109
219
64
242
10
3
220
209
149
241
15
193
68
88
79
237
223
57
217
2
237
219
178
151
182
53
82
247
55
169
222
177
245
202
229
118
199
243
34
183
214
207
Operator1_coefficient_parameters 1
1.000000e-01
1
Operator1_coefficient_parameters 1
1.000000e-01
1
thetha_l 10
alpa 4
beta_l 7
pl 23
number_of_avg_runs 10
max_number_of_controllers 100
upper_bound_xy_limit 250
lower_bound_xy_limit 0
max_iterations 100
pool_computing 0
on_lb 5.000000e-01
off_lb 4.999000e-01
starting_pos 5.000000e-01
Carrom 0
***********simulannealbnd parms*************InitialTemperature: 1000000
ReannealInterval: 10000
StallIterLimit: 15
TolFun: 1.000000e-05
cooling: 9.999000e-01
