Operator1_bts_locations 160
33
106
104
59
84
152
126
205
60
91
116
186
167
27
25
166
171
167
116
237
158
6
5
14
193
148
104
205
205
112
246
142
235
77
212
128
246
83
105
215
122
248
153
78
179
41
53
41
80
157
16
52
163
60
42
66
66
187
32
115
148
211
217
180
212
35
34
66
65
34
216
146
236
125
179
16
12
233
2
98
118
72
214
115
51
209
1
214
118
183
141
8
219
110
179
17
236
196
238
94
143
5
122
50
92
92
135
192
223
6
147
5
12
96
170
130
234
240
204
104
20
1
136
153
216
90
212
114
190
208
122
142
62
232
117
162
233
87
90
190
34
140
93
113
117
45
89
209
4
163
246
68
168
25
194
2
154
70
103
246
216
234
76
100
141
31
65
214
45
237
220
176
106
156
237
112
248
210
123
230
50
122
151
140
219
186
82
11
89
190
242
193
72
91
184
57
227
5
196
Operator2_bts_locations 158
120
1
19
115
149
105
176
174
155
103
91
4
242
36
55
79
223
29
41
14
202
206
87
250
70
122
196
41
218
192
124
151
16
54
42
13
136
238
73
120
63
81
154
185
248
5
227
184
43
236
60
234
86
62
155
232
160
245
201
121
147
203
97
165
153
137
51
133
145
59
250
79
51
66
205
220
160
228
142
143
185
29
88
122
29
184
137
33
15
27
18
91
111
83
38
219
144
249
67
58
127
112
147
210
100
201
72
36
185
16
175
151
9
233
244
128
36
41
29
114
134
206
211
76
217
127
144
34
232
2
51
44
244
154
122
137
175
33
90
72
222
41
103
176
98
209
215
175
79
213
218
63
235
5
35
42
1
126
219
72
69
120
25
171
221
231
241
216
225
123
58
94
47
84
131
198
151
17
170
14
65
248
202
63
102
45
178
217
87
74
56
229
90
123
57
175
203
140
65
Operator1_coefficient_parameters 100
1
10
Operator1_coefficient_parameters 100
1
10
thetha_l 10
alpa 4
beta_l 7
pl 23
number_of_avg_runs 1
max_number_of_controllers 160
upper_bound_xy_limit 250
lower_bound_xy_limit 0
max_iterations 100
pool_computing 0
on_lb 5.000000e-01
off_lb 4.999000e-01
starting_pos 5.000000e-01
Carrom 0
***********simulannealbnd parms*************InitialTemperature: 1000000
ReannealInterval: 10000
StallIterLimit: 15
TolFun: 1.000000e-05
cooling: 9.999000e-01
