Operator1_bts_locations 98
236
50
131
227
4
109
210
35
148
123
165
64
77
189
67
104
5
247
99
96
79
142
210
81
134
180
37
3
164
187
137
41
184
25
152
38
187
81
18
5
124
138
179
195
217
161
18
223
207
201
198
117
162
132
159
197
22
188
144
57
16
117
35
141
237
111
204
227
121
233
211
239
15
192
45
198
218
69
201
209
170
217
243
65
212
225
3
41
61
160
99
55
194
111
172
241
71
152
143
124
175
228
95
94
81
14
144
196
82
30
202
27
46
236
30
114
70
46
247
143
75
245
152
63
54
201
35
155
127
190
249
189
113
44
240
55
222
65
55
201
124
142
7
225
117
173
156
243
120
247
16
16
82
101
17
94
36
159
27
10
190
232
150
176
165
171
171
196
75
175
79
20
153
146
12
22
10
75
155
3
171
156
25
245
148
200
233
181
151
200
14
32
121
98
192
248
115
14
168
250
171
121
237
69
21
242
236
227
14
184
95
142
240
221
42
54
216
173
221
151
90
220
120
140
164
155
173
135
182
65
204
218
175
90
89
111
215
131
2
133
143
77
42
78
222
197
121
113
39
161
204
230
121
93
123
78
24
4
163
Operator2_bts_locations 129
80
25
88
213
152
171
218
35
233
161
34
32
185
195
210
122
67
217
8
93
113
108
33
144
220
48
49
217
172
26
181
176
127
144
38
67
225
178
173
78
81
70
62
71
158
186
171
196
15
184
231
215
228
123
71
129
15
160
85
196
247
115
45
242
4
226
140
192
126
186
68
1
78
87
160
57
197
118
242
196
209
131
120
111
49
67
239
243
156
86
201
5
87
132
128
102
21
114
194
49
109
28
229
154
175
152
142
234
141
180
125
9
122
29
167
190
58
55
70
40
145
53
113
228
116
121
16
192
211
231
9
92
109
9
239
241
131
63
86
139
149
61
38
249
82
45
80
172
1
45
64
168
208
210
136
212
217
116
121
121
189
87
32
117
62
232
182
73
152
87
11
133
224
235
236
173
137
215
44
101
194
243
146
48
2
242
127
43
53
240
162
248
192
235
178
133
49
55
51
28
14
209
72
38
1
174
225
37
51
158
107
244
19
241
3
59
117
91
101
219
75
219
61
38
139
237
246
195
8
68
212
93
135
189
72
214
191
90
133
217
93
157
177
153
12
247
223
57
199
27
120
162
48
222
31
211
237
104
138
Operator1_coefficient_parameters 3.333333e-01
3.333333e-01
3.333333e-01
Operator1_coefficient_parameters 3.333333e-01
3.333333e-01
3.333333e-01
thetha_l 10
alpa 4
beta_l 7
pl 23
number_of_avg_runs 5
max_number_of_controllers 220
upper_bound_xy_limit 250
lower_bound_xy_limit 0
max_iterations 100
pool_computing 0
on_lb 5.000000e-01
off_lb 4.999000e-01
starting_pos 5.000000e-01
Carrom 0
***********simulannealbnd parms*************InitialTemperature: 1000000
ReannealInterval: 10000
StallIterLimit: 15
TolFun: 1.000000e-05
cooling: 9.999000e-01
