Operator1_bts_locations 241
173
214
98
249
86
63
160
106
105
187
203
64
185
15
223
235
106
218
19
198
172
206
150
97
114
223
146
227
172
186
142
176
143
243
87
92
219
72
36
104
197
28
197
125
109
158
151
46
39
87
6
115
97
61
99
196
223
35
36
66
70
133
227
94
29
197
75
187
81
121
194
69
188
169
131
80
218
144
154
100
165
5
220
221
68
232
161
221
149
126
250
190
28
77
194
169
38
117
224
83
204
81
149
150
165
203
71
135
43
212
38
180
187
33
145
19
16
210
218
148
218
114
249
117
83
223
139
23
143
103
250
156
156
123
118
201
55
175
24
163
127
69
205
141
196
82
228
172
151
110
59
25
172
130
89
220
168
3
112
91
178
166
21
42
177
1
17
35
55
235
46
215
195
187
60
144
187
74
84
Operator2_bts_locations 48
43
145
151
117
224
107
226
201
56
21
96
91
18
20
45
31
8
118
61
145
101
175
29
203
113
154
244
76
19
167
16
167
200
93
13
199
156
198
223
242
111
91
119
14
41
197
43
124
70
132
212
171
68
26
79
59
70
11
67
93
31
142
124
23
188
212
98
110
123
112
49
47
223
34
97
161
216
57
73
149
115
119
66
204
16
228
75
65
245
182
171
139
230
13
77
116
18
193
169
32
133
231
114
203
61
157
139
240
11
78
6
18
129
147
4
36
40
116
45
52
110
202
56
6
62
97
218
189
38
60
86
196
141
112
163
149
25
27
135
10
145
17
21
149
8
157
148
218
44
96
9
75
3
199
111
98
109
188
68
146
100
46
43
47
120
82
130
13
62
192
24
121
130
130
144
145
190
66
66
Operator1_coefficient_parameters 3.333333e-01
3.333333e-01
3.333333e-01
Operator1_coefficient_parameters 3.333333e-01
3.333333e-01
3.333333e-01
thetha_l 10
alpa 4
beta_l 7
pl 23
number_of_avg_runs 5
max_number_of_controllers 140
upper_bound_xy_limit 250
lower_bound_xy_limit 0
max_iterations 100
pool_computing 0
on_lb 5.000000e-01
off_lb 4.999000e-01
starting_pos 5.000000e-01
Carrom 0
***********simulannealbnd parms*************InitialTemperature: 1000000
ReannealInterval: 10000
StallIterLimit: 15
TolFun: 1.000000e-05
cooling: 9.999000e-01
