Operator1_bts_locations 245
96
103
114
81
114
140
117
48
87
83
135
219
184
148
67
77
242
20
152
144
215
142
20
28
93
190
201
179
168
20
3
62
79
98
31
40
10
161
17
193
7
206
27
212
56
175
156
135
246
129
217
68
80
103
244
51
179
243
123
152
38
52
103
189
180
154
94
183
69
144
63
107
27
180
122
202
142
223
46
117
244
76
100
182
119
86
29
210
59
137
192
217
142
213
248
138
181
15
138
101
250
11
9
172
43
218
228
6
185
10
30
212
45
97
170
67
192
218
169
171
38
85
209
128
55
228
200
90
39
4
10
153
148
25
131
152
195
71
64
1
38
231
192
43
87
172
187
29
34
43
129
92
5
172
162
247
196
117
169
Operator2_bts_locations 19
232
209
137
109
45
158
41
133
35
236
189
60
213
145
58
157
7
7
28
203
66
197
174
28
160
74
159
181
223
221
66
204
235
4
8
72
197
14
2
192
66
216
203
78
94
24
82
58
199
153
169
136
196
239
14
14
136
242
83
225
250
238
99
195
241
175
99
29
85
12
119
199
207
214
228
3
25
172
24
109
128
58
125
70
159
76
190
149
174
177
139
118
124
242
223
66
242
63
169
48
122
86
135
171
165
154
18
189
1
12
69
148
187
247
151
57
231
8
22
29
228
202
43
147
226
51
41
250
184
176
180
48
86
60
36
175
141
231
225
96
86
140
232
8
18
118
35
220
43
147
200
224
64
61
63
162
245
221
13
Operator1_coefficient_parameters 100
1
10
Operator1_coefficient_parameters 100
1
10
thetha_l 10
alpa 4
beta_l 7
pl 23
number_of_avg_runs 10
max_number_of_controllers 120
upper_bound_xy_limit 250
lower_bound_xy_limit 0
max_iterations 100
pool_computing 0
on_lb 5.000000e-01
off_lb 4.999000e-01
starting_pos 5.000000e-01
Carrom 1
***********simulannealbnd parms*************InitialTemperature: 1000000
ReannealInterval: 10000
StallIterLimit: 15
TolFun: 1.000000e-05
cooling: 9.999000e-01
