Operator1_bts_locations 108
156
99
204
18
193
217
48
13
95
235
176
13
193
58
193
170
40
95
164
134
67
213
46
93
35
234
78
43
224
157
99
28
245
123
157
168
47
28
166
151
70
183
237
210
214
17
194
217
69
68
156
77
195
181
250
142
102
74
65
193
114
72
190
181
229
25
149
107
150
52
119
146
244
35
55
92
62
143
237
7
67
188
188
155
38
76
239
224
12
100
107
232
69
8
212
44
215
64
150
94
170
227
230
188
115
105
11
217
74
108
141
67
247
68
51
160
92
195
154
28
87
85
190
11
104
246
50
153
164
73
184
250
63
103
219
76
156
107
245
146
111
128
43
1
94
136
13
13
219
160
119
186
16
81
84
57
140
24
22
19
240
9
68
151
122
161
125
69
37
109
217
235
159
9
177
125
246
167
240
Operator2_bts_locations 69
202
189
152
223
193
172
141
132
91
21
111
208
50
8
42
151
47
146
85
74
50
178
214
204
155
174
81
59
108
10
116
73
42
4
107
114
109
142
31
27
14
154
110
77
156
161
116
88
223
16
97
182
40
90
20
85
155
192
230
239
71
247
117
4
31
119
91
231
146
187
229
89
115
150
88
45
8
85
195
84
50
59
18
184
23
200
139
208
179
88
237
10
154
162
223
30
49
36
138
221
102
26
91
199
116
125
140
214
236
194
124
238
248
94
245
151
4
141
172
238
91
152
135
224
87
26
219
145
88
101
213
117
84
81
243
144
234
109
32
53
15
83
209
16
209
34
210
46
166
188
166
54
125
203
72
141
44
17
198
146
226
73
161
218
234
108
7
189
146
13
176
97
91
211
81
89
39
167
191
Operator1_coefficient_parameters 3.333333e-01
3.333333e-01
3.333333e-01
Operator1_coefficient_parameters 3.333333e-01
3.333333e-01
3.333333e-01
thetha_l 10
alpa 4
beta_l 7
pl 23
number_of_avg_runs 1
max_number_of_controllers 140
upper_bound_xy_limit 250
lower_bound_xy_limit 0
max_iterations 100
pool_computing 0
on_lb 5.000000e-01
off_lb 4.999000e-01
starting_pos 5.000000e-01
Carrom 0
***********simulannealbnd parms*************InitialTemperature: 1000000
ReannealInterval: 10000
StallIterLimit: 15
TolFun: 1.000000e-05
cooling: 9.999000e-01
