Operator1_bts_locations 134
153
14
149
244
49
152
149
174
218
48
177
227
49
132
53
57
20
195
156
128
210
12
242
1
47
238
148
103
36
249
60
212
73
147
188
197
175
191
40
97
193
66
217
37
247
137
98
93
51
192
210
78
139
42
128
192
50
104
101
53
210
167
99
95
114
102
90
89
173
108
133
174
108
150
3
13
59
187
19
112
63
154
200
51
45
201
77
20
141
26
10
110
226
122
70
144
108
161
187
82
192
114
173
88
186
184
103
90
195
178
149
99
36
244
235
238
98
246
208
33
142
165
59
26
17
190
215
12
95
115
102
46
127
173
135
6
189
136
217
73
80
126
166
73
94
248
215
56
156
89
125
52
109
129
113
236
20
93
31
20
82
56
118
170
25
164
12
71
105
126
232
82
227
21
104
175
158
12
7
48
239
159
128
170
105
104
78
194
98
213
32
4
217
69
235
82
165
203
206
225
132
39
210
38
191
66
95
237
142
66
67
187
71
185
155
112
142
209
179
228
190
228
69
21
52
233
247
142
158
1
22
122
32
58
188
67
2
203
29
Operator2_bts_locations 86
125
131
249
191
117
65
153
125
64
85
76
128
60
232
72
50
143
56
50
17
24
118
65
28
109
226
75
139
57
217
1
247
186
11
238
233
148
208
58
232
224
132
70
5
127
50
118
148
34
24
241
32
35
107
186
98
194
219
102
192
97
224
43
179
74
162
48
225
55
144
98
201
12
87
106
16
79
103
46
230
38
212
4
30
125
204
121
239
93
250
38
111
99
94
37
22
239
98
30
231
1
14
46
171
109
236
151
174
26
165
248
178
217
76
2
52
211
141
136
4
205
178
23
42
166
3
171
154
137
3
105
160
17
100
131
50
231
91
118
136
28
188
3
101
209
132
52
10
181
71
237
234
248
82
169
182
67
143
109
29
147
204
203
204
234
73
196
45
142
49
124
250
146
114
12
45
227
123
71
139
169
138
244
146
174
1
158
107
223
218
51
33
98
165
191
75
83
8
219
52
40
167
117
216
148
96
54
8
198
231
4
108
114
218
182
92
102
4
225
244
203
74
89
158
133
219
96
161
9
249
138
33
209
101
9
105
103
19
151
Operator1_coefficient_parameters 1
1.000000e-01
1
Operator1_coefficient_parameters 1
1.000000e-01
1
thetha_l 10
alpa 4
beta_l 7
pl 23
number_of_avg_runs 10
max_number_of_controllers 200
upper_bound_xy_limit 250
lower_bound_xy_limit 0
max_iterations 100
pool_computing 0
on_lb 5.000000e-01
off_lb 4.999000e-01
starting_pos 5.000000e-01
Carrom 0
***********simulannealbnd parms*************InitialTemperature: 1000000
ReannealInterval: 10000
StallIterLimit: 15
TolFun: 1.000000e-05
cooling: 9.999000e-01
