Operator1_bts_locations 244
117
234
152
1
1
19
101
100
32
134
144
135
247
121
203
6
160
115
18
100
131
33
236
80
192
120
62
63
79
55
119
231
120
64
227
164
166
143
128
34
149
127
75
240
36
35
3
101
187
101
183
68
53
41
112
153
127
168
190
124
195
57
169
240
110
221
100
209
123
56
187
59
172
247
212
171
166
29
53
224
122
34
28
109
7
66
35
40
102
183
188
235
233
219
201
49
163
126
221
92
98
222
101
56
88
147
39
185
19
7
243
170
62
56
182
238
185
228
238
141
9
133
214
16
38
205
35
236
122
247
153
167
38
139
233
41
79
41
180
156
174
89
225
90
186
106
57
26
53
78
162
207
6
169
120
127
186
226
26
72
51
142
91
166
189
39
158
116
142
115
178
1
202
96
140
83
191
138
125
240
230
13
206
73
174
171
13
37
15
229
170
100
88
73
53
166
3
52
167
229
225
92
216
76
127
117
49
222
125
181
33
214
173
150
73
71
112
242
110
9
120
185
2
57
215
1
46
34
212
39
222
35
220
216
49
84
40
159
153
158
71
144
3
99
130
15
189
38
27
87
226
13
160
202
186
8
20
195
208
108
13
74
70
134
235
32
87
229
18
120
89
245
132
189
163
239
1
66
24
25
22
169
50
208
164
157
67
7
219
107
90
249
12
24
206
25
222
213
198
Operator2_bts_locations 100
51
3
124
107
8
151
190
17
19
40
41
135
185
104
12
67
30
227
37
179
65
71
146
42
69
25
230
141
184
158
117
129
91
121
84
145
64
23
6
4
80
40
114
15
45
106
86
205
193
223
221
226
89
209
154
140
98
193
139
86
55
141
30
190
100
29
68
36
74
29
151
134
227
250
249
116
1
36
214
53
40
49
133
41
212
129
239
75
60
51
70
210
177
131
29
236
198
26
203
12
50
218
216
185
185
121
207
171
156
115
124
22
82
180
15
170
151
134
224
108
67
155
113
232
68
92
31
83
43
150
249
221
53
69
169
204
105
50
203
146
146
194
19
222
41
62
9
146
79
142
211
132
21
128
27
149
49
67
63
165
148
96
23
136
236
152
137
2
240
22
159
231
71
228
187
39
164
195
167
4
183
220
113
244
230
31
231
117
88
154
82
131
11
12
65
170
131
169
96
148
223
234
242
92
225
122
99
81
61
183
86
47
100
104
138
203
65
132
103
169
59
90
50
4
168
1
151
31
84
171
217
219
100
68
22
98
180
83
230
182
2
46
111
37
18
43
91
97
198
184
33
17
140
131
138
36
170
175
57
129
51
220
73
9
64
85
16
84
55
11
227
5
187
22
29
200
1
123
102
92
44
111
55
70
123
3
209
110
217
247
49
237
88
21
11
209
148
172
94
Operator1_coefficient_parameters 1
1.000000e-01
1
Operator1_coefficient_parameters 1
1.000000e-01
1
thetha_l 10
alpa 4
beta_l 7
pl 23
number_of_avg_runs 10
max_number_of_controllers 260
upper_bound_xy_limit 250
lower_bound_xy_limit 0
max_iterations 100
pool_computing 0
on_lb 5.000000e-01
off_lb 4.999000e-01
starting_pos 5.000000e-01
Carrom 0
***********simulannealbnd parms*************InitialTemperature: 1000000
ReannealInterval: 10000
StallIterLimit: 15
TolFun: 1.000000e-05
cooling: 9.999000e-01
