Operator1_bts_locations 240
200
176
24
212
49
111
205
18
193
196
57
68
205
7
109
220
99
127
97
172
57
152
38
95
120
202
151
49
15
65
166
192
128
69
37
59
203
11
37
196
207
204
188
135
69
14
167
63
219
235
120
235
241
63
163
57
70
240
65
77
16
247
14
144
149
170
31
197
205
165
128
80
60
104
190
177
168
12
168
45
208
141
99
178
2
58
27
117
60
4
215
155
105
30
172
170
158
148
25
52
224
93
114
185
168
102
210
168
234
6
9
170
188
51
2
248
242
140
123
206
139
190
53
94
190
245
204
86
84
218
1
101
57
71
181
6
185
214
246
Operator2_bts_locations 139
192
238
242
119
84
51
94
24
79
68
171
65
157
143
98
220
157
181
46
23
49
226
85
237
7
28
249
11
116
219
193
48
130
155
48
76
50
118
90
235
210
249
242
166
12
57
139
69
153
240
211
145
225
38
229
10
218
126
135
74
34
208
98
75
119
35
129
88
89
248
142
74
91
69
16
142
69
110
221
155
53
194
147
24
221
107
121
169
16
231
87
241
84
75
220
212
148
104
201
25
20
113
73
6
49
54
59
88
240
102
75
152
68
37
33
40
166
79
85
22
60
84
2
196
215
71
28
219
6
191
238
150
14
174
75
27
182
247
164
Operator1_coefficient_parameters 100
1
10
Operator1_coefficient_parameters 100
1
10
thetha_l 10
alpa 4
beta_l 7
pl 23
number_of_avg_runs 10
max_number_of_controllers 100
upper_bound_xy_limit 250
lower_bound_xy_limit 0
max_iterations 100
pool_computing 0
on_lb 5.000000e-01
off_lb 4.999000e-01
starting_pos 5.000000e-01
Carrom 1
***********simulannealbnd parms*************InitialTemperature: 1000000
ReannealInterval: 10000
StallIterLimit: 15
TolFun: 1.000000e-05
cooling: 9.999000e-01
