Operator1_bts_locations 244
103
13
79
79
124
14
24
60
196
218
156
84
68
8
218
62
247
32
134
95
196
229
91
228
30
9
227
233
148
15
221
213
143
116
17
96
186
131
125
208
5
67
36
9
73
224
41
248
33
117
93
165
219
74
69
21
47
191
228
162
130
176
12
223
169
42
126
133
157
242
143
145
235
16
165
25
153
202
9
Operator2_bts_locations 131
75
166
150
16
223
239
46
19
248
107
190
231
219
241
75
178
226
219
208
9
227
157
144
185
128
217
36
165
149
129
62
244
230
164
28
129
121
18
98
202
197
30
103
200
64
147
10
171
207
175
88
123
72
67
192
147
135
248
193
147
198
138
20
119
213
101
60
136
93
190
193
87
242
89
49
23
79
240
160
Operator1_coefficient_parameters 3.333333e-01
3.333333e-01
3.333333e-01
Operator1_coefficient_parameters 3.333333e-01
3.333333e-01
3.333333e-01
thetha_l 10
alpa 4
beta_l 7
pl 23
number_of_avg_runs 1
max_number_of_controllers 54
upper_bound_xy_limit 250
lower_bound_xy_limit 0
max_iterations 100
pool_computing 0
on_lb 5.000000e-01
off_lb 4.999000e-01
starting_pos 5.000000e-01
Carrom 0
***********simulannealbnd parms*************InitialTemperature: 1000000
ReannealInterval: 10000
StallIterLimit: 15
TolFun: 1.000000e-05
cooling: 9.999000e-01
