Operator1_bts_locations 88
51
110
106
53
183
180
175
144
186
58
178
3
126
190
130
175
157
43
52
87
56
166
213
119
43
165
128
114
108
143
132
201
162
29
11
94
8
117
73
230
106
93
147
193
224
37
172
155
239
172
238
113
220
14
153
144
154
152
132
86
124
220
173
202
46
188
134
179
115
119
179
243
120
8
61
21
157
69
170
160
100
250
169
165
229
250
96
85
19
50
32
127
77
150
55
219
223
238
12
97
120
99
95
66
191
105
24
129
155
127
147
33
206
78
194
42
147
197
168
191
78
11
178
249
163
190
234
33
185
85
119
29
90
75
152
182
47
142
225
60
119
238
241
212
53
65
85
239
184
163
84
234
151
118
222
53
149
173
2
Operator2_bts_locations 186
247
95
103
138
169
235
116
102
212
3
7
60
143
240
42
157
209
241
76
104
183
104
147
141
181
201
97
162
54
205
221
170
141
120
250
250
237
244
111
35
190
148
243
163
227
147
106
159
117
120
109
75
26
60
119
77
77
74
74
96
122
44
171
245
109
74
78
181
34
90
23
146
187
215
241
220
144
231
213
202
238
129
139
250
232
152
217
160
47
197
78
245
239
189
212
2
67
68
134
63
247
151
235
124
161
228
177
202
57
22
201
124
52
142
130
20
238
158
162
182
77
165
46
43
62
170
56
57
4
220
1
102
195
132
133
164
43
236
155
89
10
205
71
36
17
126
31
55
46
229
29
29
57
204
83
8
63
175
244
Operator1_coefficient_parameters 1
1.000000e-01
1
Operator1_coefficient_parameters 1
1.000000e-01
1
thetha_l 10
alpa 4
beta_l 7
pl 23
number_of_avg_runs 10
max_number_of_controllers 120
upper_bound_xy_limit 250
lower_bound_xy_limit 0
max_iterations 100
pool_computing 0
on_lb 5.000000e-01
off_lb 4.999000e-01
starting_pos 5.000000e-01
Carrom 0
***********simulannealbnd parms*************InitialTemperature: 1000000
ReannealInterval: 10000
StallIterLimit: 15
TolFun: 1.000000e-05
cooling: 9.999000e-01
