Operator1_bts_locations 53
185
208
22
216
5
117
217
213
64
155
54
249
216
224
108
151
164
61
71
11
32
81
228
30
22
203
127
160
104
105
100
189
47
20
250
208
147
76
24
156
79
224
83
178
54
65
187
207
116
147
183
125
157
123
134
176
129
158
10
241
93
89
37
122
149
190
105
49
101
61
153
86
29
199
230
135
191
240
15
73
184
45
138
139
18
123
90
201
24
177
76
33
239
151
85
249
212
213
223
33
108
8
53
231
136
27
122
50
179
68
152
196
55
160
139
20
162
55
169
67
172
248
43
235
142
131
150
113
48
13
1
10
113
20
238
67
41
185
229
248
26
160
141
208
79
144
209
92
201
189
187
44
154
154
181
182
42
9
81
238
140
235
137
48
38
162
75
244
72
78
249
248
25
157
154
200
205
181
106
86
243
35
44
136
212
225
86
50
235
215
198
230
203
109
131
246
202
177
117
Operator2_bts_locations 166
124
91
25
108
149
154
6
113
96
65
156
141
126
149
206
245
218
225
105
98
53
152
88
116
242
123
9
1
21
232
136
188
120
203
187
48
150
187
180
23
236
20
189
34
47
108
75
152
200
18
248
234
247
19
188
172
116
62
26
240
244
146
126
127
189
230
180
222
8
181
93
70
19
35
50
250
5
18
240
44
132
236
105
98
230
1
244
85
209
202
85
244
61
246
42
241
200
136
15
54
112
163
108
232
126
81
95
233
115
122
119
210
226
72
165
11
249
12
10
214
115
155
129
201
75
118
66
97
197
74
167
25
183
224
83
15
91
97
185
57
30
51
197
186
129
165
88
156
247
217
143
11
70
109
104
237
93
219
141
71
154
56
99
139
222
208
100
156
38
49
47
130
57
61
23
96
170
1
134
42
206
227
30
34
216
141
241
128
40
55
34
134
222
51
202
113
223
136
50
Operator1_coefficient_parameters 3.333333e-01
3.333333e-01
3.333333e-01
Operator1_coefficient_parameters 3.333333e-01
3.333333e-01
3.333333e-01
thetha_l 10
alpa 4
beta_l 7
pl 23
number_of_avg_runs 5
max_number_of_controllers 160
upper_bound_xy_limit 250
lower_bound_xy_limit 0
max_iterations 100
pool_computing 0
on_lb 5.000000e-01
off_lb 4.999000e-01
starting_pos 5.000000e-01
Carrom 1
***********simulannealbnd parms*************InitialTemperature: 1000000
ReannealInterval: 10000
StallIterLimit: 15
TolFun: 1.000000e-05
cooling: 9.999000e-01
