Operator1_bts_locations 108
176
82
83
223
65
209
110
223
177
24
214
218
187
94
176
189
116
205
216
42
39
56
54
190
198
65
135
121
36
123
73
104
125
80
107
132
62
238
65
98
205
222
112
61
20
210
139
25
139
77
240
231
232
10
245
179
119
102
119
161
250
211
178
63
201
13
60
34
138
4
121
87
178
10
69
74
100
228
139
181
205
224
238
36
96
9
163
34
234
205
179
148
14
203
104
188
248
136
20
90
45
93
155
220
207
132
67
130
202
128
204
98
208
165
28
41
190
53
35
55
235
60
82
146
133
99
247
131
153
26
8
27
3
95
125
101
240
23
102
36
243
127
133
225
186
206
43
46
223
170
20
223
140
191
197
14
115
163
170
22
198
8
97
195
214
97
9
37
57
209
14
226
109
197
108
246
121
94
219
91
192
41
191
17
41
186
168
182
216
151
157
7
116
81
30
57
211
102
194
165
220
133
201
57
221
25
43
129
128
213
243
199
94
126
212
244
49
240
104
206
1
25
18
162
185
24
185
98
229
216
20
134
47
24
69
8
202
88
79
125
244
140
173
97
170
77
119
143
222
151
117
164
19
188
153
223
142
62
118
232
37
59
8
198
174
160
85
154
58
90
59
190
68
214
150
94
142
50
121
Operator2_bts_locations 60
159
173
6
198
104
37
26
67
66
106
112
248
212
21
15
102
142
110
136
92
76
196
187
157
234
4
149
190
56
236
48
23
218
63
202
218
112
3
238
18
82
202
214
221
224
132
117
2
230
163
236
70
239
46
34
47
90
15
84
118
165
38
125
104
71
141
68
116
21
85
141
172
152
73
231
226
112
124
13
79
97
250
1
170
138
135
183
146
63
160
136
160
8
207
50
241
69
105
52
90
66
100
84
187
156
180
92
1
150
216
10
250
102
178
72
48
59
52
68
235
23
215
98
158
81
8
184
13
216
53
176
154
44
31
164
182
246
227
96
108
63
12
131
228
11
53
126
17
41
80
119
224
175
117
151
125
186
147
13
146
171
203
71
214
239
230
76
5
29
167
234
221
95
15
194
81
123
193
50
230
241
136
142
90
232
187
178
45
245
152
140
157
21
194
244
63
128
73
155
113
169
131
75
1
130
105
115
75
104
249
208
121
86
84
242
229
25
56
135
237
209
27
204
152
236
34
127
218
232
184
100
22
155
150
183
135
199
243
191
104
29
174
210
102
73
119
186
177
164
124
136
142
167
250
135
43
143
24
47
14
138
1
25
219
30
234
53
110
155
196
82
236
67
234
185
44
106
158
157
Operator1_coefficient_parameters 3.333333e-01
3.333333e-01
3.333333e-01
Operator1_coefficient_parameters 3.333333e-01
3.333333e-01
3.333333e-01
thetha_l 10
alpa 4
beta_l 7
pl 23
number_of_avg_runs 1
max_number_of_controllers 240
upper_bound_xy_limit 250
lower_bound_xy_limit 0
max_iterations 100
pool_computing 0
on_lb 5.000000e-01
off_lb 4.999000e-01
starting_pos 5.000000e-01
Carrom 0
***********simulannealbnd parms*************InitialTemperature: 1000000
ReannealInterval: 10000
StallIterLimit: 15
TolFun: 1.000000e-05
cooling: 9.999000e-01
