Operator1_bts_locations 245
124
235
220
46
175
211
235
137
81
200
121
188
13
190
216
128
197
130
132
38
81
209
73
148
144
103
66
146
159
179
48
153
157
150
181
171
27
82
130
167
143
158
22
110
194
102
79
214
181
195
74
67
47
91
87
218
125
20
77
233
59
16
244
201
30
61
250
131
146
95
12
136
30
85
124
77
4
69
53
71
6
76
195
171
86
197
250
169
41
239
164
72
34
77
173
215
217
46
68
197
78
60
33
55
84
250
246
95
16
233
206
176
66
70
42
217
130
161
77
166
70
246
70
193
139
221
14
46
42
226
107
144
204
1
132
201
31
165
39
26
150
95
212
122
231
239
71
1
30
234
217
144
124
191
30
161
11
75
150
218
208
131
180
122
33
77
95
73
210
239
240
109
41
89
160
140
142
104
120
247
169
161
223
238
67
131
11
142
25
20
173
54
172
61
10
140
245
226
22
12
32
215
125
153
188
99
223
8
47
239
166
249
3
49
178
70
152
184
157
119
68
200
150
188
238
13
75
45
226
250
136
188
43
204
176
237
124
83
47
20
126
98
14
208
137
179
99
125
228
84
186
39
234
5
137
155
90
227
78
223
122
230
123
82
13
149
191
13
109
31
250
80
207
59
112
88
60
138
222
158
208
59
134
213
165
166
19
5
35
235
41
40
248
204
203
247
39
228
200
Operator2_bts_locations 244
179
31
135
113
4
38
236
10
18
226
233
66
9
117
134
31
135
210
70
195
33
232
96
64
172
191
112
54
211
148
236
240
159
151
75
144
93
146
222
77
65
190
8
144
1
183
144
100
22
111
105
8
94
150
58
87
156
245
141
202
101
128
10
89
105
79
19
104
239
244
170
250
17
100
178
131
4
230
110
75
94
191
74
228
218
80
136
113
154
200
15
25
177
173
59
28
19
121
119
66
57
159
243
186
118
206
2
130
6
220
236
218
196
239
213
108
156
203
23
224
117
124
90
39
76
128
170
179
207
32
82
160
9
201
100
133
188
210
106
131
249
165
218
165
230
65
3
18
78
61
250
213
224
161
41
28
111
176
79
230
178
46
61
73
93
146
237
86
216
102
122
129
239
24
137
110
39
81
128
69
130
71
201
213
190
121
96
245
204
241
205
235
186
153
157
100
235
76
192
178
14
46
135
217
118
24
190
18
32
112
58
15
133
165
170
27
11
115
34
166
3
41
222
250
50
73
163
14
160
104
167
162
124
205
230
134
147
136
55
193
237
47
230
206
152
139
11
33
115
60
191
15
53
101
101
52
199
209
182
108
25
39
182
161
29
112
28
82
205
189
180
149
49
96
249
233
156
201
223
199
236
209
167
40
227
20
6
76
90
29
86
40
16
67
106
250
182
49
85
Operator1_coefficient_parameters 1
1.000000e-01
1
Operator1_coefficient_parameters 1
1.000000e-01
1
thetha_l 10
alpa 4
beta_l 7
pl 23
number_of_avg_runs 10
max_number_of_controllers 260
upper_bound_xy_limit 250
lower_bound_xy_limit 0
max_iterations 100
pool_computing 0
on_lb 5.000000e-01
off_lb 4.999000e-01
starting_pos 5.000000e-01
Carrom 0
***********simulannealbnd parms*************InitialTemperature: 1000000
ReannealInterval: 10000
StallIterLimit: 15
TolFun: 1.000000e-05
cooling: 9.999000e-01
