Operator1_bts_locations 122
65
116
135
74
117
20
13
78
9
157
182
117
215
38
61
230
170
26
119
208
147
178
29
90
126
59
164
121
91
221
22
17
159
112
9
99
87
93
244
15
32
222
102
239
240
223
213
50
175
97
199
4
155
10
113
215
214
167
13
207
100
140
246
166
148
81
19
64
157
99
248
202
120
154
199
190
156
210
34
205
191
158
10
162
108
51
142
82
79
166
130
86
61
102
2
247
146
144
28
98
3
219
236
49
169
202
149
239
162
62
229
109
154
13
179
46
17
119
117
26
74
208
142
145
60
6
112
84
209
37
118
25
211
93
125
153
17
30
189
43
189
89
143
28
248
39
52
164
92
44
91
40
118
60
92
33
91
226
62
176
244
147
190
94
149
79
237
164
222
28
29
42
189
116
76
237
80
20
157
Operator2_bts_locations 71
55
167
26
35
47
115
203
185
76
225
137
68
226
209
178
234
160
144
180
29
6
85
237
200
105
10
102
209
127
61
55
201
185
130
100
162
107
91
62
241
6
103
37
130
15
84
196
208
129
81
15
219
4
154
12
237
104
122
55
231
200
210
134
107
195
245
14
239
47
78
75
162
156
76
99
12
86
114
211
132
191
242
33
130
85
244
169
226
168
232
108
13
169
31
51
77
225
48
244
106
213
56
23
148
147
180
238
230
80
222
216
164
90
13
177
209
202
123
153
129
229
205
239
90
91
102
214
32
12
156
46
2
47
204
215
215
214
91
140
157
76
241
204
107
52
19
105
96
18
150
119
116
107
98
92
82
115
160
155
108
236
45
170
63
28
190
100
94
170
152
85
216
65
164
2
46
211
55
126
Operator1_coefficient_parameters 3.333333e-01
3.333333e-01
3.333333e-01
Operator1_coefficient_parameters 3.333333e-01
3.333333e-01
3.333333e-01
thetha_l 10
alpa 4
beta_l 7
pl 23
number_of_avg_runs 5
max_number_of_controllers 140
upper_bound_xy_limit 250
lower_bound_xy_limit 0
max_iterations 100
pool_computing 0
on_lb 5.000000e-01
off_lb 4.999000e-01
starting_pos 5.000000e-01
Carrom 1
***********simulannealbnd parms*************InitialTemperature: 1000000
ReannealInterval: 10000
StallIterLimit: 15
TolFun: 1.000000e-05
cooling: 9.999000e-01
