Operator1_bts_locations 101
195
79
17
56
31
127
175
203
150
129
136
1
62
205
206
195
105
19
51
73
10
201
176
200
24
206
225
25
41
180
12
71
124
190
156
199
66
87
212
99
195
9
87
186
109
56
122
239
197
220
243
203
250
166
27
190
100
75
25
184
162
188
9
103
83
46
250
151
174
173
134
180
247
171
132
41
239
168
13
Operator2_bts_locations 152
179
16
112
196
130
43
97
209
236
150
99
45
233
225
3
44
47
195
61
197
158
190
74
37
206
203
113
201
197
201
25
30
59
143
204
192
235
4
188
147
113
43
114
154
20
244
225
98
28
10
102
218
107
91
194
30
207
153
52
229
239
21
182
169
133
153
242
36
27
194
186
61
210
245
25
194
112
150
16
Operator1_coefficient_parameters 3.333333e-01
3.333333e-01
3.333333e-01
Operator1_coefficient_parameters 3.333333e-01
3.333333e-01
3.333333e-01
thetha_l 10
alpa 4
beta_l 7
pl 23
number_of_avg_runs 1
max_number_of_controllers 54
upper_bound_xy_limit 250
lower_bound_xy_limit 0
max_iterations 100
pool_computing 0
on_lb 5.000000e-01
off_lb 4.999000e-01
starting_pos 5.000000e-01
Carrom 0
***********simulannealbnd parms*************InitialTemperature: 1000000
ReannealInterval: 10000
StallIterLimit: 15
TolFun: 1.000000e-05
cooling: 9.999000e-01
