Operator1_bts_locations 100
179
194
52
182
142
223
145
195
227
180
250
92
37
242
105
177
101
36
189
214
167
167
101
69
176
204
55
46
115
196
232
229
136
115
201
188
220
117
118
150
127
5
117
182
248
104
104
84
64
150
94
199
73
64
94
84
116
215
207
97
39
96
61
1
92
184
25
10
107
36
76
248
119
87
248
33
193
104
237
93
169
71
10
72
107
127
168
137
34
36
6
210
241
39
27
59
223
216
223
191
69
220
182
36
247
221
112
65
56
182
29
36
177
144
52
125
144
44
49
Operator2_bts_locations 170
33
184
42
60
89
70
223
179
162
93
141
33
139
224
140
68
225
250
31
223
130
224
109
226
14
70
199
29
37
221
41
79
63
200
144
245
186
199
184
50
26
148
245
90
12
176
194
108
228
56
172
129
166
73
196
172
214
233
112
227
4
4
22
74
93
196
111
248
191
74
67
201
54
199
166
226
141
163
240
186
249
39
60
38
119
71
42
219
94
199
38
191
227
213
241
19
143
211
215
61
173
90
237
82
183
98
158
202
106
186
109
243
9
4
54
58
82
59
212
Operator1_coefficient_parameters 3.333333e-01
3.333333e-01
3.333333e-01
Operator1_coefficient_parameters 3.333333e-01
3.333333e-01
3.333333e-01
thetha_l 10
alpa 4
beta_l 7
pl 23
number_of_avg_runs 5
max_number_of_controllers 90
upper_bound_xy_limit 250
lower_bound_xy_limit 0
max_iterations 100
pool_computing 0
on_lb 5.000000e-01
off_lb 4.999000e-01
starting_pos 5.000000e-01
Carrom 1
***********simulannealbnd parms*************InitialTemperature: 1000000
ReannealInterval: 10000
StallIterLimit: 15
TolFun: 1.000000e-05
cooling: 9.999000e-01
