Operator1_bts_locations 50
184
6
91
2
209
101
103
109
248
37
125
137
169
128
51
228
135
2
79
243
217
104
172
213
197
63
247
199
42
130
80
112
215
226
212
199
250
43
199
242
184
217
24
241
17
152
237
240
228
57
222
75
8
70
231
107
94
188
138
170
142
41
140
217
45
21
177
185
104
201
238
28
32
46
134
65
36
202
6
133
119
223
46
158
186
49
168
192
151
246
240
45
75
163
64
26
110
51
165
7
129
248
149
150
108
250
115
79
191
65
174
131
242
69
61
122
7
134
19
82
15
64
153
245
127
235
3
102
176
110
113
58
151
37
199
112
177
6
137
81
33
237
214
205
98
190
193
91
226
160
103
135
105
77
217
199
102
57
143
205
196
147
225
174
246
171
194
166
229
158
10
67
166
222
60
180
14
69
73
208
106
55
246
15
7
14
45
206
102
229
87
5
78
115
196
52
73
168
104
150
232
237
160
60
43
53
220
148
222
190
182
170
34
212
136
74
217
120
126
172
209
114
2
198
103
3
34
236
139
118
15
38
247
35
170
230
14
190
190
30
49
29
170
40
167
79
133
98
166
116
104
84
75
165
125
88
21
39
72
19
108
250
215
192
74
207
32
5
89
23
93
81
77
247
148
29
240
154
232
175
120
181
236
229
129
6
120
171
16
185
190
65
52
75
129
238
242
126
180
Operator2_bts_locations 212
249
147
40
77
201
155
49
236
87
26
45
43
35
74
184
67
88
112
215
72
249
150
51
203
205
53
41
81
171
224
60
125
152
175
18
73
20
200
49
33
11
57
224
195
65
197
28
185
124
63
45
179
226
78
224
243
223
229
69
162
154
193
203
213
231
49
177
16
124
92
122
1
204
225
90
249
39
148
142
243
243
191
183
214
50
190
247
107
196
159
12
84
128
59
207
49
90
25
173
183
5
88
110
161
181
100
3
169
166
109
86
182
120
43
105
92
148
108
148
72
232
172
27
165
55
10
249
152
76
10
70
200
233
230
2
26
35
192
64
56
133
226
204
150
28
241
90
138
135
58
66
14
203
133
210
179
222
145
200
51
116
111
143
90
96
39
15
119
209
192
7
51
35
70
155
64
129
243
196
226
221
28
234
212
98
118
113
189
87
25
137
156
36
78
142
3
58
192
210
197
145
177
96
123
174
239
129
48
20
195
66
13
243
87
15
80
235
231
81
44
17
130
56
242
208
1
135
102
111
234
4
93
242
189
109
215
53
22
130
218
217
242
141
1
241
31
154
20
119
30
209
84
188
159
136
140
92
218
224
69
225
15
121
117
187
171
189
196
108
194
60
236
33
85
31
16
24
52
57
115
161
26
80
220
232
37
140
89
58
127
130
243
100
77
120
12
13
144
55
Operator1_coefficient_parameters 100
1
10
Operator1_coefficient_parameters 100
1
10
thetha_l 10
alpa 4
beta_l 7
pl 23
number_of_avg_runs 10
max_number_of_controllers 260
upper_bound_xy_limit 250
lower_bound_xy_limit 0
max_iterations 100
pool_computing 0
on_lb 5.000000e-01
off_lb 4.999000e-01
starting_pos 5.000000e-01
Carrom 1
***********simulannealbnd parms*************InitialTemperature: 1000000
ReannealInterval: 10000
StallIterLimit: 15
TolFun: 1.000000e-05
cooling: 9.999000e-01
