Operator1_bts_locations 218
222
91
247
18
78
138
68
59
54
238
197
40
124
36
131
96
78
122
247
18
47
219
248
122
186
190
161
135
96
155
206
202
166
49
118
44
124
50
138
81
85
120
10
109
4
81
144
127
6
242
108
35
22
170
169
49
170
105
236
201
202
160
143
120
234
194
186
63
79
Operator2_bts_locations 88
210
190
114
51
3
142
139
194
161
182
140
52
230
247
75
18
184
236
130
3
178
79
82
114
193
179
159
41
145
52
234
146
147
169
203
11
224
24
230
234
65
109
141
123
168
176
228
127
74
136
213
243
42
13
45
223
160
46
163
62
151
109
159
48
143
149
76
187
40
Operator1_coefficient_parameters 3.333333e-01
3.333333e-01
3.333333e-01
Operator1_coefficient_parameters 3.333333e-01
3.333333e-01
3.333333e-01
thetha_l 10
alpa 4
beta_l 7
pl 23
number_of_avg_runs 1
max_number_of_controllers 50
upper_bound_xy_limit 250
lower_bound_xy_limit 0
max_iterations 100
pool_computing 0
on_lb 5.000000e-01
off_lb 4.999000e-01
starting_pos 5.000000e-01
Carrom 0
***********simulannealbnd parms*************InitialTemperature: 1000000
ReannealInterval: 10000
StallIterLimit: 15
TolFun: 1.000000e-05
cooling: 9.999000e-01
