Operator1_bts_locations 3
78
39
249
113
137
66
221
26
206
107
231
133
218
89
101
150
228
34
11
101
149
230
74
137
196
82
24
111
8
169
28
50
133
157
94
152
212
176
99
143
63
182
86
20
76
76
6
45
216
164
215
68
224
53
242
104
58
205
91
126
187
208
99
25
67
198
235
143
235
150
247
191
47
130
161
218
151
250
33
Operator2_bts_locations 74
120
33
58
46
169
82
198
137
58
172
13
144
249
91
140
232
65
209
44
220
70
213
202
48
245
64
195
203
125
229
26
34
215
5
183
205
30
123
87
194
72
207
44
216
232
48
13
138
3
208
228
177
61
148
235
224
152
199
210
141
1
63
108
108
219
17
85
45
62
182
73
60
35
56
205
95
167
234
107
Operator1_coefficient_parameters 100
1
10
Operator1_coefficient_parameters 100
1
10
thetha_l 10
alpa 4
beta_l 7
pl 23
number_of_avg_runs 1
max_number_of_controllers 54
upper_bound_xy_limit 250
lower_bound_xy_limit 0
max_iterations 100
pool_computing 0
on_lb 5.000000e-01
off_lb 4.999000e-01
starting_pos 5.000000e-01
Carrom 0
***********simulannealbnd parms*************InitialTemperature: 1000000
ReannealInterval: 10000
StallIterLimit: 15
TolFun: 1.000000e-05
cooling: 9.999000e-01
