Operator1_bts_locations 89
49
185
8
192
24
121
124
18
240
223
83
222
21
139
232
75
179
138
52
188
28
15
67
144
240
86
119
169
61
119
124
7
64
223
235
82
3
50
119
57
125
94
133
194
189
65
115
123
148
169
234
56
190
12
129
6
168
114
29
127
38
189
69
56
201
16
157
50
240
11
57
144
184
231
81
101
246
234
163
28
196
4
165
44
62
162
176
64
90
20
228
107
114
168
214
15
169
41
248
216
9
168
72
126
113
20
219
15
250
150
227
107
112
199
37
166
191
139
102
89
239
97
5
129
126
73
79
220
175
82
98
34
25
113
41
101
134
31
230
150
163
249
95
2
73
196
136
237
160
43
96
216
207
231
198
107
121
210
44
26
45
85
219
205
77
5
196
194
231
22
34
169
131
225
166
70
145
57
155
125
142
228
48
202
81
128
207
77
236
145
220
118
245
68
92
153
105
149
221
88
153
38
136
145
212
227
95
15
199
161
224
219
230
87
37
176
230
70
193
Operator2_bts_locations 176
126
89
115
11
160
31
146
1
5
96
133
23
185
126
217
53
34
218
161
168
40
78
220
114
162
146
238
39
144
145
163
102
229
243
31
105
53
202
55
110
233
32
61
48
161
186
107
91
154
162
15
30
235
20
146
139
91
13
63
171
205
150
151
141
183
123
237
221
109
119
60
141
202
126
193
218
247
113
159
153
98
82
71
213
29
35
178
214
129
111
225
94
176
57
39
9
188
148
169
10
131
175
143
90
83
161
186
47
86
177
117
184
18
143
218
178
99
243
165
62
219
143
173
167
147
232
44
129
106
178
49
81
18
113
222
33
14
196
12
232
211
106
152
172
98
190
84
122
78
35
61
245
38
62
84
136
105
35
40
70
62
92
118
177
220
10
236
212
190
36
46
230
212
57
140
160
37
236
68
140
218
222
147
193
173
109
186
36
167
152
66
183
93
150
125
67
226
218
192
224
241
69
188
159
113
76
99
59
115
11
203
129
245
138
116
172
92
88
105
Operator1_coefficient_parameters 3.333333e-01
3.333333e-01
3.333333e-01
Operator1_coefficient_parameters 3.333333e-01
3.333333e-01
3.333333e-01
thetha_l 10
alpa 4
beta_l 7
pl 23
number_of_avg_runs 1
max_number_of_controllers 180
upper_bound_xy_limit 250
lower_bound_xy_limit 0
max_iterations 100
pool_computing 0
on_lb 5.000000e-01
off_lb 4.999000e-01
starting_pos 5.000000e-01
Carrom 0
***********simulannealbnd parms*************InitialTemperature: 1000000
ReannealInterval: 10000
StallIterLimit: 15
TolFun: 1.000000e-05
cooling: 9.999000e-01
