Operator1_bts_locations 37
187
20
59
183
36
184
16
165
96
31
243
91
15
198
193
174
139
127
24
111
49
211
112
76
161
57
37
128
137
126
60
140
52
52
45
192
94
16
45
199
227
7
96
26
207
127
164
126
179
69
205
69
94
148
69
227
156
3
187
132
238
222
30
195
236
26
65
164
127
227
72
9
199
100
160
15
223
244
166
22
22
123
82
174
80
203
163
57
142
21
230
6
138
200
79
220
55
19
245
52
205
146
60
130
23
178
148
210
84
110
46
93
143
184
123
147
2
159
130
87
177
174
126
237
117
39
246
247
158
68
202
60
199
96
53
179
207
148
83
Operator2_bts_locations 48
191
70
165
2
71
238
218
114
217
20
239
229
47
229
16
150
51
91
183
186
6
22
74
30
53
169
59
92
34
40
158
239
107
175
158
90
40
121
40
81
183
137
170
49
203
194
18
102
138
236
198
12
142
116
146
97
194
230
219
237
20
22
144
227
31
17
37
174
99
146
193
48
168
89
161
224
213
24
158
49
98
138
228
58
162
178
231
128
195
44
248
61
22
85
115
54
179
26
176
74
51
183
205
115
86
243
50
96
144
82
198
208
147
149
96
242
172
174
69
89
249
28
10
76
58
229
140
23
248
163
228
48
64
236
108
141
91
110
169
Operator1_coefficient_parameters 100
1
10
Operator1_coefficient_parameters 100
1
10
thetha_l 10
alpa 4
beta_l 7
pl 23
number_of_avg_runs 10
max_number_of_controllers 100
upper_bound_xy_limit 250
lower_bound_xy_limit 0
max_iterations 100
pool_computing 0
on_lb 5.000000e-01
off_lb 4.999000e-01
starting_pos 5.000000e-01
Carrom 0
***********simulannealbnd parms*************InitialTemperature: 1000000
ReannealInterval: 10000
StallIterLimit: 15
TolFun: 1.000000e-05
cooling: 9.999000e-01
