Operator1_bts_locations 101
12
201
211
125
125
19
91
34
171
12
39
188
208
236
26
168
142
28
131
88
70
108
65
4
183
164
250
69
84
129
26
228
69
31
132
182
132
180
229
46
102
190
27
168
119
126
22
98
127
180
5
189
22
28
105
156
45
210
220
83
20
125
96
106
183
127
225
35
19
129
181
36
89
108
129
250
188
48
36
161
36
87
111
217
77
229
241
34
84
235
142
149
24
220
184
188
77
46
157
Operator2_bts_locations 213
187
167
107
64
114
81
193
163
158
184
14
179
169
133
214
51
243
39
51
158
28
85
189
7
128
136
67
31
242
237
245
160
75
153
156
33
66
152
3
138
76
244
27
51
104
75
245
136
38
170
232
11
12
58
192
44
70
207
55
105
214
166
228
161
22
132
213
185
141
160
87
86
24
46
177
230
11
189
123
24
203
215
50
250
206
232
226
1
115
197
219
60
153
206
11
243
68
250
233
Operator1_coefficient_parameters 3.333333e-01
3.333333e-01
3.333333e-01
Operator1_coefficient_parameters 3.333333e-01
3.333333e-01
3.333333e-01
thetha_l 10
alpa 4
beta_l 7
pl 23
number_of_avg_runs 5
max_number_of_controllers 70
upper_bound_xy_limit 250
lower_bound_xy_limit 0
max_iterations 100
pool_computing 0
on_lb 5.000000e-01
off_lb 4.999000e-01
starting_pos 5.000000e-01
Carrom 0
***********simulannealbnd parms*************InitialTemperature: 1000000
ReannealInterval: 10000
StallIterLimit: 15
TolFun: 1.000000e-05
cooling: 9.999000e-01
