Operator1_bts_locations 120
40
25
140
244
150
21
88
169
170
124
42
100
100
215
191
244
17
170
18
164
76
41
195
26
27
27
231
129
161
248
68
105
175
32
207
196
98
158
239
229
36
152
102
133
26
129
50
24
232
25
158
198
192
231
158
172
232
96
112
82
90
65
243
117
13
118
66
143
64
10
122
157
92
159
85
78
188
33
211
126
84
241
4
247
240
49
131
52
122
82
147
145
180
177
222
62
114
161
175
89
154
188
53
58
83
217
182
162
158
80
24
43
7
181
172
177
180
11
115
40
94
201
41
18
190
198
156
55
214
168
165
207
203
81
187
190
45
20
188
180
128
236
227
209
8
239
85
31
10
139
31
81
11
182
127
71
147
39
210
90
6
238
216
88
51
24
242
176
35
43
103
220
239
108
163
84
34
200
148
177
72
142
150
229
99
169
95
132
226
67
68
94
186
3
185
213
38
159
201
201
50
41
206
103
83
167
82
201
219
133
246
78
67
91
174
92
216
188
202
173
143
203
150
9
160
171
72
138
247
141
52
54
102
187
108
139
202
28
50
235
8
151
18
137
211
136
115
185
167
72
248
50
110
111
44
139
96
90
136
Operator2_bts_locations 58
121
19
73
27
12
246
147
155
5
143
216
184
170
143
227
125
90
237
42
235
186
28
177
113
66
222
161
189
235
36
126
39
168
163
105
170
83
136
199
109
186
144
134
57
179
179
109
4
137
192
114
203
80
237
24
214
151
249
23
85
35
38
234
141
150
92
131
2
159
15
141
222
180
102
35
119
198
190
55
180
121
133
140
37
100
58
246
135
151
94
58
7
205
9
236
43
209
33
224
178
162
118
192
135
96
179
88
14
26
226
116
108
81
205
197
95
157
233
122
199
38
64
226
90
168
84
10
242
64
103
78
1
109
81
45
75
150
142
8
220
238
145
113
187
5
29
209
161
117
6
239
132
69
201
24
94
74
10
168
226
49
46
176
129
62
233
180
9
32
192
192
207
136
244
24
133
54
16
243
111
11
16
149
199
23
233
154
147
54
51
15
226
109
129
116
32
216
24
39
108
108
126
245
20
215
60
31
165
196
118
40
112
115
8
37
126
243
244
189
22
16
93
62
23
28
175
114
122
119
134
207
165
193
172
58
91
141
146
48
137
167
172
55
159
181
226
53
154
97
234
175
36
139
71
12
43
189
75
32
Operator1_coefficient_parameters 3.333333e-01
3.333333e-01
3.333333e-01
Operator1_coefficient_parameters 3.333333e-01
3.333333e-01
3.333333e-01
thetha_l 10
alpa 4
beta_l 7
pl 23
number_of_avg_runs 5
max_number_of_controllers 220
upper_bound_xy_limit 250
lower_bound_xy_limit 0
max_iterations 100
pool_computing 0
on_lb 5.000000e-01
off_lb 4.999000e-01
starting_pos 5.000000e-01
Carrom 1
***********simulannealbnd parms*************InitialTemperature: 1000000
ReannealInterval: 10000
StallIterLimit: 15
TolFun: 1.000000e-05
cooling: 9.999000e-01
