Operator1_bts_locations 41
223
195
10
148
19
128
161
136
96
34
107
9
169
230
98
133
111
65
1
208
110
84
48
83
55
66
232
213
176
199
65
213
139
125
140
247
4
217
165
204
193
132
97
192
46
188
49
166
244
106
238
120
40
233
111
77
186
178
115
105
6
201
157
118
129
164
220
213
53
183
232
142
189
32
238
93
146
211
3
227
225
170
233
40
29
182
84
30
133
46
162
108
46
100
167
183
231
105
20
Operator2_bts_locations 228
229
12
60
164
170
4
145
128
117
172
159
191
140
196
66
40
232
203
112
120
14
100
247
73
105
238
166
201
141
163
205
161
221
62
101
246
11
222
123
14
59
34
74
110
193
237
104
30
162
208
187
193
227
21
112
137
187
97
11
12
166
231
77
223
248
38
140
213
246
29
43
70
99
16
239
36
227
70
133
195
15
208
129
88
236
123
57
64
235
189
174
204
174
172
138
216
84
236
137
Operator1_coefficient_parameters 3.333333e-01
3.333333e-01
3.333333e-01
Operator1_coefficient_parameters 3.333333e-01
3.333333e-01
3.333333e-01
thetha_l 10
alpa 4
beta_l 7
pl 23
number_of_avg_runs 1
max_number_of_controllers 70
upper_bound_xy_limit 250
lower_bound_xy_limit 0
max_iterations 100
pool_computing 0
on_lb 5.000000e-01
off_lb 4.999000e-01
starting_pos 5.000000e-01
Carrom 0
***********simulannealbnd parms*************InitialTemperature: 1000000
ReannealInterval: 10000
StallIterLimit: 15
TolFun: 1.000000e-05
cooling: 9.999000e-01
