Operator1_bts_locations 136
74
47
174
162
44
180
84
182
58
55
83
152
112
137
186
163
27
187
84
45
192
234
248
126
61
128
132
177
66
17
12
101
162
162
120
176
142
219
214
165
53
107
169
76
104
246
171
249
161
19
197
209
245
146
120
80
31
79
112
97
183
88
136
20
47
219
178
40
163
40
156
203
245
32
68
209
41
30
129
71
149
28
26
135
241
88
179
163
69
30
236
84
161
69
16
8
186
222
202
209
92
103
244
226
69
236
112
181
229
85
176
241
167
217
88
174
220
94
32
90
73
60
218
124
136
199
234
195
168
19
96
213
237
72
45
143
243
119
51
98
146
19
117
150
119
214
106
6
238
54
237
236
207
50
151
129
185
112
83
197
202
41
76
197
119
2
35
100
1
30
227
221
92
168
239
211
38
118
40
58
158
154
147
165
133
122
228
200
149
62
226
141
122
47
104
198
217
11
84
107
237
28
99
103
144
141
152
243
142
159
64
166
130
83
196
229
96
221
85
32
213
48
243
77
36
128
39
243
219
195
33
125
100
88
150
113
236
102
9
132
30
236
132
204
73
36
101
112
32
69
48
220
216
79
31
16
96
108
91
126
76
171
197
73
167
64
8
79
90
130
142
229
111
145
15
82
91
14
195
118
119
115
240
29
36
2
150
92
2
53
71
70
197
239
43
75
139
64
137
Operator2_bts_locations 23
88
87
242
124
3
49
26
181
237
189
37
25
112
73
103
154
34
67
2
95
111
130
65
224
202
195
24
157
238
31
49
160
185
12
117
186
206
101
55
174
58
25
25
110
65
227
202
23
189
27
82
14
135
83
222
134
190
96
228
128
129
221
3
52
150
53
249
46
103
69
4
157
210
205
92
32
240
29
65
151
87
16
36
247
157
6
50
48
219
73
47
220
17
227
117
91
78
195
171
250
38
156
185
107
188
19
112
54
38
200
241
187
98
231
196
33
196
68
145
235
110
67
215
75
119
4
172
123
246
21
18
28
109
177
182
127
141
45
201
79
64
191
6
219
149
154
203
200
69
32
27
139
56
241
23
81
133
186
106
28
130
62
156
81
238
223
10
213
182
242
144
9
82
135
103
61
243
62
195
41
73
37
15
180
83
161
189
168
10
79
6
58
150
235
208
238
45
240
226
86
73
19
192
4
143
145
114
85
38
80
178
93
114
134
184
17
42
11
176
151
50
149
8
234
191
22
33
24
15
70
151
7
54
241
166
217
164
158
40
142
147
125
42
114
160
223
223
157
221
97
15
66
162
245
1
249
9
140
107
139
165
185
221
247
27
162
239
30
25
142
38
68
212
11
130
51
207
58
187
222
214
158
107
12
154
165
168
112
153
95
72
2
215
119
95
50
24
85
147
Operator1_coefficient_parameters 100
1
10
Operator1_coefficient_parameters 100
1
10
thetha_l 10
alpa 4
beta_l 7
pl 23
number_of_avg_runs 10
max_number_of_controllers 260
upper_bound_xy_limit 250
lower_bound_xy_limit 0
max_iterations 100
pool_computing 0
on_lb 5.000000e-01
off_lb 4.999000e-01
starting_pos 5.000000e-01
Carrom 0
***********simulannealbnd parms*************InitialTemperature: 1000000
ReannealInterval: 10000
StallIterLimit: 15
TolFun: 1.000000e-05
cooling: 9.999000e-01
