Operator1_bts_locations 195
82
143
149
46
89
70
44
97
249
63
192
226
222
118
212
182
184
54
208
76
206
150
113
19
130
122
113
225
104
135
69
161
246
49
8
68
118
202
23
125
78
229
179
196
126
78
143
132
158
108
51
123
130
190
246
45
42
207
65
213
94
82
59
56
137
13
178
163
53
182
184
150
29
76
227
223
47
42
119
236
42
242
134
200
146
188
214
208
81
94
9
68
184
78
52
65
196
101
249
207
199
45
160
99
108
20
206
164
111
171
97
151
141
95
198
79
250
121
172
164
43
117
122
248
99
163
15
72
216
233
168
140
16
181
140
243
77
76
180
17
54
80
30
154
234
152
158
180
95
61
28
193
233
69
34
164
14
248
218
107
121
231
225
211
220
229
211
233
214
195
28
216
77
103
162
155
217
78
23
168
218
74
158
77
95
175
144
62
130
46
196
10
161
25
45
9
3
59
146
113
181
174
225
183
167
52
24
201
244
182
104
201
72
111
244
32
55
57
42
211
168
148
172
75
42
91
144
14
242
136
90
248
44
237
137
192
222
104
122
Operator2_bts_locations 149
40
219
249
136
222
4
237
22
151
100
66
143
107
157
137
61
195
238
52
11
178
155
10
134
136
72
26
239
191
52
11
36
198
175
192
38
173
117
103
158
20
52
163
95
16
65
200
162
14
49
197
178
227
113
169
125
199
240
25
150
144
152
15
211
170
64
227
45
191
189
223
189
196
87
110
249
57
67
27
151
226
157
181
71
248
110
213
193
248
79
242
183
219
75
142
235
154
183
76
73
248
155
10
61
236
249
7
175
5
161
146
180
58
172
86
222
230
100
226
215
15
97
13
213
226
54
238
218
124
166
21
9
83
67
126
50
114
37
176
190
139
237
222
95
30
169
98
25
135
210
7
201
141
76
231
12
13
50
88
37
212
189
219
55
50
106
202
51
115
225
230
228
46
87
115
74
185
97
96
177
88
109
77
146
137
24
221
181
4
37
168
133
248
32
193
215
88
91
15
92
16
202
179
57
18
117
210
230
9
73
232
136
111
220
78
49
122
249
83
154
201
200
143
37
109
145
232
4
223
115
113
134
127
133
82
188
50
179
118
Operator1_coefficient_parameters 100
1
10
Operator1_coefficient_parameters 100
1
10
thetha_l 10
alpa 4
beta_l 7
pl 23
number_of_avg_runs 10
max_number_of_controllers 200
upper_bound_xy_limit 250
lower_bound_xy_limit 0
max_iterations 100
pool_computing 0
on_lb 5.000000e-01
off_lb 4.999000e-01
starting_pos 5.000000e-01
Carrom 0
***********simulannealbnd parms*************InitialTemperature: 1000000
ReannealInterval: 10000
StallIterLimit: 15
TolFun: 1.000000e-05
cooling: 9.999000e-01
