Operator1_bts_locations 235
90
28
79
196
161
101
169
225
74
130
53
1
159
44
187
89
217
240
72
229
90
160
67
134
191
41
221
250
114
65
57
150
167
196
59
102
39
117
61
165
131
136
24
94
113
168
68
17
43
153
222
114
89
188
5
208
163
123
43
64
152
31
105
197
54
239
69
63
249
222
238
128
88
108
181
238
83
177
38
24
77
152
134
222
57
118
18
145
156
160
169
212
19
10
228
217
21
99
210
197
12
116
29
67
174
216
230
99
199
160
207
42
99
79
114
204
170
204
204
73
225
179
32
168
87
202
17
12
76
176
82
188
86
17
58
204
69
78
87
Operator2_bts_locations 193
148
6
39
142
193
66
241
224
149
23
43
9
109
229
65
93
151
229
140
173
150
45
189
101
159
113
146
49
233
208
207
189
55
237
38
204
140
147
175
197
72
40
71
177
11
249
60
158
128
242
241
155
78
115
39
203
154
61
142
211
9
88
112
195
184
171
179
224
85
178
191
232
203
194
36
197
149
19
7
74
214
104
20
250
44
218
39
194
74
193
88
114
3
11
58
90
233
186
40
110
171
140
135
86
117
175
53
214
167
94
158
126
162
193
140
204
156
177
218
37
4
109
191
248
229
102
189
44
152
154
89
35
119
33
175
69
217
161
243
Operator1_coefficient_parameters 3.333333e-01
3.333333e-01
3.333333e-01
Operator1_coefficient_parameters 3.333333e-01
3.333333e-01
3.333333e-01
thetha_l 10
alpa 4
beta_l 7
pl 23
number_of_avg_runs 5
max_number_of_controllers 100
upper_bound_xy_limit 250
lower_bound_xy_limit 0
max_iterations 100
pool_computing 0
on_lb 5.000000e-01
off_lb 4.999000e-01
starting_pos 5.000000e-01
Carrom 1
***********simulannealbnd parms*************InitialTemperature: 1000000
ReannealInterval: 10000
StallIterLimit: 15
TolFun: 1.000000e-05
cooling: 9.999000e-01
