Operator1_bts_locations 221
199
198
240
156
6
15
72
64
190
50
69
81
77
79
248
245
51
144
189
109
154
214
245
70
216
51
113
87
26
158
147
80
154
51
36
100
108
53
105
79
100
35
153
239
227
13
125
225
108
216
211
236
189
134
125
224
104
212
165
60
110
159
112
120
192
117
77
143
179
121
50
91
70
8
186
82
38
126
25
38
33
167
222
145
191
218
39
214
119
191
236
27
30
95
170
25
73
70
219
204
243
80
47
146
67
108
39
60
117
60
196
41
86
38
168
228
103
205
89
111
72
142
179
161
88
93
18
215
75
24
191
25
38
98
23
241
23
5
195
145
202
204
46
156
182
54
30
111
28
181
5
174
215
45
42
202
250
10
148
166
55
54
62
111
163
23
224
198
66
93
154
75
85
225
197
137
7
151
4
122
221
213
224
149
33
22
15
11
232
111
51
146
34
156
214
35
38
124
149
151
220
29
94
68
168
183
169
187
38
39
29
163
71
116
206
133
239
127
212
113
125
140
223
100
108
134
38
142
186
247
91
220
248
218
29
106
21
5
136
Operator2_bts_locations 142
250
104
84
49
231
11
207
185
167
64
13
231
91
86
170
211
65
130
139
106
142
200
131
130
245
241
23
34
44
63
187
124
95
209
121
30
241
178
156
63
139
213
108
46
36
193
29
29
246
49
92
100
115
243
206
131
187
215
150
96
178
136
63
200
218
21
183
131
202
3
160
78
250
189
40
11
21
250
234
201
126
96
57
181
177
245
76
148
68
173
136
238
25
178
6
241
162
96
232
4
214
61
221
78
34
164
93
54
4
154
219
37
19
143
230
120
185
247
20
96
170
97
219
31
83
189
193
141
112
89
19
14
34
77
111
48
55
19
52
176
57
154
228
147
8
215
175
153
22
246
178
168
140
53
144
51
79
49
133
223
199
62
79
170
113
187
140
13
207
83
187
31
101
105
172
108
141
96
11
121
186
55
130
160
93
84
48
165
52
211
172
211
58
47
146
124
80
108
46
225
47
97
147
156
156
5
221
47
38
145
217
231
191
212
87
34
180
233
236
4
132
173
92
10
221
196
188
58
44
183
144
177
208
135
53
201
166
174
112
Operator1_coefficient_parameters 1
1.000000e-02
1.000000e-01
Operator1_coefficient_parameters 1
1.000000e-02
1.000000e-01
thetha_l 10
alpa 4
beta_l 7
pl 23
number_of_avg_runs 10
max_number_of_controllers 200
upper_bound_xy_limit 250
lower_bound_xy_limit 0
max_iterations 100
pool_computing 0
on_lb 5.000000e-01
off_lb 4.999000e-01
starting_pos 5.000000e-01
Carrom 0
***********simulannealbnd parms*************InitialTemperature: 1000000
ReannealInterval: 10000
StallIterLimit: 15
TolFun: 1.000000e-05
cooling: 9.999000e-01
