Operator1_bts_locations 34
56
130
71
203
76
92
176
130
193
222
151
98
38
241
140
211
172
137
149
118
167
10
110
62
148
244
162
234
96
156
94
62
154
39
178
229
208
51
243
39
4
24
102
139
192
5
162
142
195
20
173
250
101
126
206
27
96
90
17
65
93
41
45
20
197
209
147
154
33
149
76
153
102
215
54
198
150
191
199
155
175
9
90
78
235
221
137
78
78
11
22
135
134
34
22
128
249
90
57
212
145
154
7
28
15
136
68
63
247
244
92
185
54
145
58
214
99
73
205
97
103
77
137
185
118
7
227
175
43
114
33
209
195
128
122
175
175
170
157
95
4
37
211
105
25
220
118
118
157
85
125
123
216
90
75
95
17
235
232
45
192
23
44
148
248
83
28
72
207
226
236
45
51
8
170
58
39
118
10
80
182
37
178
12
115
149
225
60
155
100
114
119
56
167
149
226
12
43
174
132
80
220
104
74
224
185
26
180
234
112
106
202
218
131
232
109
196
210
168
81
53
188
28
86
151
117
94
43
94
176
250
106
145
235
97
126
147
189
226
Operator2_bts_locations 107
231
75
195
3
247
100
131
89
63
80
149
76
117
121
148
79
246
134
22
188
129
84
195
192
152
51
83
204
194
53
106
174
226
15
24
199
75
117
89
179
250
130
31
47
47
40
176
220
125
170
214
60
79
208
227
115
106
36
244
12
121
81
30
72
18
52
118
171
110
49
159
70
250
58
96
72
93
70
133
196
49
230
134
14
242
101
224
94
176
38
136
181
224
114
62
63
89
165
113
69
239
62
34
208
94
23
113
171
136
204
67
1
233
1
200
73
144
56
72
70
249
104
226
70
42
193
86
17
145
142
88
160
215
208
46
227
21
230
241
92
53
141
73
205
174
243
73
103
99
185
164
181
75
52
117
128
45
128
165
250
10
102
32
62
51
72
31
102
176
109
25
21
70
69
156
88
58
138
200
128
33
234
14
246
71
160
38
103
243
205
67
150
101
114
165
122
39
2
89
227
140
229
30
81
137
153
217
173
106
86
40
38
120
141
167
13
38
56
164
217
133
245
236
132
129
150
34
144
48
2
238
168
4
27
70
158
57
115
136
Operator1_coefficient_parameters 3.333333e-01
3.333333e-01
3.333333e-01
Operator1_coefficient_parameters 3.333333e-01
3.333333e-01
3.333333e-01
thetha_l 10
alpa 4
beta_l 7
pl 23
number_of_avg_runs 5
max_number_of_controllers 200
upper_bound_xy_limit 250
lower_bound_xy_limit 0
max_iterations 100
pool_computing 0
on_lb 5.000000e-01
off_lb 4.999000e-01
starting_pos 5.000000e-01
Carrom 1
***********simulannealbnd parms*************InitialTemperature: 1000000
ReannealInterval: 10000
StallIterLimit: 15
TolFun: 1.000000e-05
cooling: 9.999000e-01
