Operator1_bts_locations 114
92
181
12
180
143
155
201
140
249
89
106
133
198
156
91
102
58
141
64
171
213
113
88
145
30
118
183
140
64
7
241
213
222
231
241
8
31
216
244
87
152
24
118
42
62
221
198
172
147
219
124
222
212
52
211
181
58
100
184
238
40
100
221
116
14
90
182
153
179
91
248
84
141
104
27
15
23
229
3
98
238
12
102
164
73
2
51
226
148
227
147
46
92
161
228
101
142
246
76
111
103
224
2
67
181
222
35
7
220
215
146
91
238
82
225
250
34
90
22
122
202
146
175
95
205
33
114
248
209
77
203
102
160
229
151
243
197
150
206
46
222
58
164
123
219
125
227
173
193
81
246
219
236
230
218
124
28
197
175
125
2
178
118
209
238
23
43
11
200
16
247
151
216
3
94
156
178
110
117
Operator2_bts_locations 164
107
194
41
177
107
155
115
8
134
38
208
34
168
149
122
151
153
226
121
43
5
67
100
32
208
1
187
93
165
172
5
122
227
85
94
242
85
214
230
236
1
214
145
73
125
32
189
238
40
80
155
208
74
79
117
48
42
173
178
121
10
54
136
163
141
232
65
153
54
226
19
165
32
233
92
131
221
139
119
59
232
123
203
193
189
207
1
90
116
211
176
130
153
8
87
98
195
42
32
26
162
226
155
191
102
32
222
78
131
235
3
247
147
232
176
218
69
111
69
227
77
143
215
166
159
215
56
200
139
109
159
216
237
155
45
157
108
241
109
150
134
248
211
171
67
227
199
236
1
132
229
72
139
178
12
187
170
247
91
42
222
150
224
68
138
180
216
105
13
111
191
227
113
143
236
171
240
2
129
Operator1_coefficient_parameters 100
1
10
Operator1_coefficient_parameters 100
1
10
thetha_l 10
alpa 4
beta_l 7
pl 23
number_of_avg_runs 10
max_number_of_controllers 140
upper_bound_xy_limit 250
lower_bound_xy_limit 0
max_iterations 100
pool_computing 0
on_lb 5.000000e-01
off_lb 4.999000e-01
starting_pos 5.000000e-01
Carrom 0
***********simulannealbnd parms*************InitialTemperature: 1000000
ReannealInterval: 10000
StallIterLimit: 15
TolFun: 1.000000e-05
cooling: 9.999000e-01
