Operator1_bts_locations 50
94
182
160
246
98
31
218
199
214
207
246
82
62
48
6
67
67
230
122
250
7
223
118
39
163
88
26
90
166
38
183
125
118
143
161
67
124
216
174
130
190
25
117
186
225
26
76
32
125
191
167
156
48
106
239
34
140
12
49
128
106
233
152
96
15
136
132
225
184
150
214
26
140
76
235
105
7
59
188
224
183
72
199
57
137
83
169
175
144
175
226
123
67
173
210
244
219
98
18
148
167
68
159
194
162
162
73
198
73
241
106
112
89
70
239
79
65
13
74
29
187
66
211
190
64
174
24
180
161
222
92
42
45
110
85
82
25
129
12
Operator2_bts_locations 129
10
96
147
234
5
79
165
83
85
197
57
16
235
15
15
131
244
12
114
199
209
46
103
226
99
147
82
69
90
158
112
166
121
97
94
240
41
120
242
232
4
5
110
14
215
206
121
164
64
170
67
215
110
225
230
224
130
157
28
4
124
102
250
250
75
128
212
145
129
7
4
169
214
215
190
58
131
130
157
127
79
8
12
125
14
218
84
106
1
103
174
107
56
219
214
81
96
60
234
42
157
36
40
216
50
241
92
2
214
212
136
119
22
95
131
243
110
203
225
208
123
192
4
88
54
158
83
50
216
180
83
237
148
109
52
48
3
212
71
Operator1_coefficient_parameters 3.333333e-01
3.333333e-01
3.333333e-01
Operator1_coefficient_parameters 3.333333e-01
3.333333e-01
3.333333e-01
thetha_l 10
alpa 4
beta_l 7
pl 23
number_of_avg_runs 1
max_number_of_controllers 100
upper_bound_xy_limit 250
lower_bound_xy_limit 0
max_iterations 100
pool_computing 0
on_lb 5.000000e-01
off_lb 4.999000e-01
starting_pos 5.000000e-01
Carrom 0
***********simulannealbnd parms*************InitialTemperature: 1000000
ReannealInterval: 10000
StallIterLimit: 15
TolFun: 1.000000e-05
cooling: 9.999000e-01
