Operator1_bts_locations 65
5
118
136
45
69
85
40
93
117
159
92
191
21
65
162
163
240
158
40
199
88
146
106
120
175
114
234
148
172
91
41
55
44
102
151
55
90
223
16
12
107
1
201
75
137
230
142
244
172
83
196
105
227
10
61
109
49
224
232
220
35
64
234
116
240
24
184
124
112
239
172
95
20
173
201
187
23
4
249
154
46
180
227
18
207
100
187
87
217
5
158
130
225
168
83
73
155
42
52
171
77
33
85
7
216
126
79
217
67
65
7
57
200
168
174
164
145
103
79
119
141
37
246
200
152
248
249
241
157
141
125
49
163
156
12
102
154
135
118
Operator2_bts_locations 46
174
147
162
29
157
189
57
148
191
212
20
90
29
19
43
29
55
167
70
145
51
194
76
75
62
232
74
80
170
59
162
194
175
147
35
104
146
96
194
220
156
142
135
110
84
209
69
134
61
248
181
206
180
175
161
33
92
156
145
250
246
207
230
156
233
127
237
233
187
89
115
35
182
158
181
17
5
233
135
2
150
46
31
91
237
177
112
23
227
11
49
215
105
80
17
3
17
159
38
108
119
169
61
166
90
14
98
63
226
13
7
248
215
119
179
215
51
87
47
156
148
1
98
228
96
69
93
142
232
68
186
69
51
195
94
70
248
181
107
Operator1_coefficient_parameters 3.333333e-01
3.333333e-01
3.333333e-01
Operator1_coefficient_parameters 3.333333e-01
3.333333e-01
3.333333e-01
thetha_l 10
alpa 4
beta_l 7
pl 23
number_of_avg_runs 5
max_number_of_controllers 100
upper_bound_xy_limit 250
lower_bound_xy_limit 0
max_iterations 100
pool_computing 0
on_lb 5.000000e-01
off_lb 4.999000e-01
starting_pos 5.000000e-01
Carrom 0
***********simulannealbnd parms*************InitialTemperature: 1000000
ReannealInterval: 10000
StallIterLimit: 15
TolFun: 1.000000e-05
cooling: 9.999000e-01
