Operator1_bts_locations 121
50
218
216
148
154
123
39
230
29
65
177
68
10
44
11
73
211
98
214
106
60
240
196
135
6
2
86
157
228
41
43
215
121
100
237
176
39
181
166
41
23
156
206
210
226
167
150
216
113
119
39
145
73
193
29
107
245
88
66
125
119
175
24
147
22
205
65
6
85
60
189
124
230
54
86
103
201
220
70
241
190
63
34
250
3
220
169
194
123
243
185
224
141
144
10
118
238
80
192
Operator2_bts_locations 183
112
228
201
123
127
216
155
106
238
55
181
142
16
29
219
246
88
237
95
199
140
5
143
131
14
159
229
116
216
1
230
216
174
19
119
172
200
7
52
148
25
72
82
250
25
209
148
193
156
137
93
73
34
78
47
198
82
85
183
64
128
201
10
66
179
198
218
38
239
199
220
209
52
74
115
217
182
63
100
168
161
141
17
63
232
241
24
218
17
214
197
197
242
100
131
102
48
207
16
Operator1_coefficient_parameters 3.333333e-01
3.333333e-01
3.333333e-01
Operator1_coefficient_parameters 3.333333e-01
3.333333e-01
3.333333e-01
thetha_l 10
alpa 4
beta_l 7
pl 23
number_of_avg_runs 5
max_number_of_controllers 70
upper_bound_xy_limit 250
lower_bound_xy_limit 0
max_iterations 100
pool_computing 0
on_lb 5.000000e-01
off_lb 4.999000e-01
starting_pos 5.000000e-01
Carrom 1
***********simulannealbnd parms*************InitialTemperature: 1000000
ReannealInterval: 10000
StallIterLimit: 15
TolFun: 1.000000e-05
cooling: 9.999000e-01
