Operator1_bts_locations 122
61
249
112
120
65
112
106
203
130
47
72
30
249
13
177
148
107
175
54
61
168
24
60
38
83
145
1
60
54
25
201
225
110
46
197
5
51
150
8
119
50
12
101
74
70
203
82
22
176
177
153
83
57
182
40
134
209
116
148
24
213
44
214
97
96
21
134
25
13
176
11
47
80
182
45
27
7
91
1
93
8
235
25
5
73
146
19
234
18
4
33
76
217
161
235
23
166
11
248
38
233
24
185
249
89
27
110
213
179
96
9
250
224
228
44
163
94
75
35
162
38
134
89
193
193
117
3
212
28
110
132
158
104
43
39
173
21
149
43
Operator2_bts_locations 56
20
193
242
125
217
86
64
93
84
40
28
21
208
233
18
26
102
182
201
118
235
177
212
246
78
85
96
147
35
64
8
90
149
162
91
119
69
137
23
30
60
247
199
131
80
102
143
129
35
237
73
125
3
137
78
173
159
214
149
191
91
189
132
203
144
100
151
228
150
89
182
2
31
180
155
169
41
172
216
188
120
72
214
142
246
136
250
99
234
238
106
206
182
203
78
178
19
128
33
222
50
116
229
172
166
120
17
110
128
180
103
3
233
10
19
4
175
119
155
246
85
45
72
50
19
240
114
9
141
55
67
77
46
42
35
65
247
39
117
Operator1_coefficient_parameters 1
1.000000e-02
1.000000e-01
Operator1_coefficient_parameters 1
1.000000e-02
1.000000e-01
thetha_l 10
alpa 4
beta_l 7
pl 23
number_of_avg_runs 10
max_number_of_controllers 100
upper_bound_xy_limit 250
lower_bound_xy_limit 0
max_iterations 100
pool_computing 0
on_lb 5.000000e-01
off_lb 4.999000e-01
starting_pos 5.000000e-01
Carrom 0
***********simulannealbnd parms*************InitialTemperature: 1000000
ReannealInterval: 10000
StallIterLimit: 15
TolFun: 1.000000e-05
cooling: 9.999000e-01
