Operator1_bts_locations 23
139
95
197
61
74
74
90
88
60
41
170
149
134
92
41
179
194
66
87
119
69
244
118
111
187
185
121
84
197
172
62
57
204
73
70
71
209
121
85
140
10
221
219
5
47
217
246
234
190
205
186
204
92
8
156
206
233
47
9
16
39
202
208
118
242
12
41
245
19
125
31
26
247
203
3
99
123
225
249
75
195
29
39
195
87
165
233
1
77
71
212
210
46
128
89
53
124
209
20
64
130
126
215
83
59
66
191
94
44
202
75
189
167
249
123
182
74
115
166
237
79
225
202
66
32
12
8
21
6
167
97
140
150
117
11
184
125
242
196
174
192
25
108
234
153
44
115
7
168
25
101
37
144
224
13
246
239
112
81
236
62
37
232
217
49
105
51
63
237
24
226
116
18
72
123
186
201
4
99
111
68
66
79
212
97
180
87
213
222
81
104
114
125
185
214
73
27
128
219
Operator2_bts_locations 72
104
163
36
104
65
224
26
34
26
170
74
176
161
47
52
51
30
152
185
84
43
195
218
40
86
52
114
13
173
27
207
96
124
201
110
54
187
84
196
147
176
195
117
147
4
9
89
179
80
155
1
41
79
193
151
118
76
141
204
65
205
124
222
207
152
34
226
107
218
136
155
15
10
59
27
171
73
234
242
1
210
20
44
220
221
147
210
182
250
141
140
211
39
235
84
8
62
152
201
60
107
54
160
9
95
78
127
198
125
48
224
182
175
193
60
205
229
105
87
144
100
160
83
117
178
188
225
147
44
52
187
109
1
136
177
19
179
199
171
53
191
170
125
161
212
89
112
147
228
201
65
250
44
156
153
92
40
81
172
97
54
56
57
234
1
29
225
156
47
152
27
249
14
203
84
248
217
69
203
196
68
45
70
40
234
108
147
81
203
248
125
183
127
6
79
169
61
113
27
Operator1_coefficient_parameters 100
1
10
Operator1_coefficient_parameters 100
1
10
thetha_l 10
alpa 4
beta_l 7
pl 23
number_of_avg_runs 10
max_number_of_controllers 160
upper_bound_xy_limit 250
lower_bound_xy_limit 0
max_iterations 100
pool_computing 0
on_lb 5.000000e-01
off_lb 4.999000e-01
starting_pos 5.000000e-01
Carrom 0
***********simulannealbnd parms*************InitialTemperature: 1000000
ReannealInterval: 10000
StallIterLimit: 15
TolFun: 1.000000e-05
cooling: 9.999000e-01
