Operator1_bts_locations 116
69
191
97
242
1
71
48
171
180
109
91
64
219
103
171
43
38
153
225
175
248
46
97
18
123
101
179
40
35
176
74
192
195
172
155
62
74
86
141
19
49
116
175
225
28
186
134
3
128
231
24
146
238
235
165
25
179
215
18
157
101
92
17
190
198
40
140
63
30
82
93
138
94
18
7
18
149
142
224
245
109
142
176
237
111
178
207
197
6
14
226
136
236
181
215
177
34
240
114
162
239
57
172
200
117
14
36
96
218
92
114
4
212
225
62
61
220
92
9
19
168
71
69
53
115
54
145
248
2
194
163
56
248
56
73
9
84
41
7
35
113
224
218
10
143
155
209
147
97
127
238
214
80
33
238
81
99
231
66
247
26
160
87
56
16
59
210
22
88
156
175
236
227
80
191
150
228
205
143
29
10
61
41
182
191
7
71
201
159
39
186
164
149
58
60
195
80
233
129
221
90
61
119
91
72
66
44
145
248
208
72
59
116
127
177
60
223
160
21
72
138
109
47
134
73
175
5
104
201
168
13
144
243
193
104
246
113
145
9
Operator2_bts_locations 53
178
142
192
83
98
198
38
100
174
11
57
215
229
97
43
135
55
138
220
184
181
178
104
67
67
128
121
127
147
127
52
224
223
164
236
45
1
80
20
66
159
82
222
178
11
72
174
171
202
109
142
50
70
56
174
43
140
201
141
248
107
198
87
139
44
192
63
51
214
83
13
122
178
237
247
47
250
7
200
119
115
40
139
68
127
168
237
200
125
56
73
203
12
106
56
178
137
154
42
212
55
29
159
163
88
202
35
179
17
173
59
48
38
36
11
131
142
8
225
93
86
179
116
33
219
169
181
221
97
58
2
1
76
184
88
100
109
43
15
189
207
82
104
88
35
210
1
180
218
95
92
94
238
155
210
7
107
77
96
209
185
217
183
75
235
117
91
198
193
160
36
114
144
197
240
236
77
153
224
19
92
35
83
121
209
250
39
91
199
80
189
25
158
91
149
222
204
187
126
82
22
183
216
134
172
201
11
214
152
136
166
102
185
66
40
176
46
151
86
128
248
207
39
246
225
217
203
22
3
101
219
77
191
142
115
17
195
50
73
Operator1_coefficient_parameters 3.333333e-01
3.333333e-01
3.333333e-01
Operator1_coefficient_parameters 3.333333e-01
3.333333e-01
3.333333e-01
thetha_l 10
alpa 4
beta_l 7
pl 23
number_of_avg_runs 1
max_number_of_controllers 200
upper_bound_xy_limit 250
lower_bound_xy_limit 0
max_iterations 100
pool_computing 0
on_lb 5.000000e-01
off_lb 4.999000e-01
starting_pos 5.000000e-01
Carrom 0
***********simulannealbnd parms*************InitialTemperature: 1000000
ReannealInterval: 10000
StallIterLimit: 15
TolFun: 1.000000e-05
cooling: 9.999000e-01
