Operator1_bts_locations 202
64
78
238
106
100
243
187
21
152
133
150
121
210
176
113
120
230
16
185
31
129
30
213
61
156
237
46
201
53
96
210
49
81
213
60
7
181
189
9
245
248
142
126
109
119
95
78
221
217
79
178
71
248
232
155
232
86
198
68
5
166
130
60
108
198
2
209
47
179
240
182
125
250
32
82
244
224
193
21
177
126
140
50
218
70
229
204
174
156
95
161
205
49
173
90
216
107
20
29
172
67
38
238
128
52
70
190
4
46
116
238
204
200
168
152
132
185
27
110
62
3
202
189
233
225
114
67
37
151
208
31
78
141
126
111
182
193
212
219
233
205
136
3
249
228
84
139
3
86
71
73
21
141
48
147
164
109
199
152
Operator2_bts_locations 49
215
89
214
105
66
164
52
201
95
42
193
85
143
135
121
122
1
73
190
68
222
183
109
154
18
30
163
104
101
12
36
136
213
217
10
33
67
198
30
132
51
44
8
121
204
177
234
225
143
109
33
151
250
90
171
27
245
225
150
188
74
76
61
49
190
110
26
2
210
9
66
89
140
113
182
174
157
130
106
172
12
233
212
161
215
173
171
142
119
97
99
83
111
64
55
6
7
249
71
174
72
227
202
18
109
30
165
142
206
182
113
179
136
73
204
184
13
9
47
21
64
71
172
17
167
83
91
204
36
16
175
18
92
247
141
201
212
166
185
17
208
198
107
173
172
173
171
42
76
38
34
113
186
23
49
236
162
195
63
Operator1_coefficient_parameters 3.333333e-01
3.333333e-01
3.333333e-01
Operator1_coefficient_parameters 3.333333e-01
3.333333e-01
3.333333e-01
thetha_l 10
alpa 4
beta_l 7
pl 23
number_of_avg_runs 5
max_number_of_controllers 120
upper_bound_xy_limit 250
lower_bound_xy_limit 0
max_iterations 100
pool_computing 0
on_lb 5.000000e-01
off_lb 4.999000e-01
starting_pos 5.000000e-01
Carrom 0
***********simulannealbnd parms*************InitialTemperature: 1000000
ReannealInterval: 10000
StallIterLimit: 15
TolFun: 1.000000e-05
cooling: 9.999000e-01
