Operator1_bts_locations 100
53
217
106
166
133
184
220
188
143
29
49
111
180
121
84
111
85
78
3
9
48
177
198
72
29
222
190
235
187
4
72
18
128
59
201
238
231
114
15
26
155
85
100
24
219
141
231
174
232
58
213
214
223
4
13
41
116
141
245
7
57
208
220
161
216
138
97
194
154
244
102
11
210
222
3
95
227
111
133
102
136
232
234
204
143
23
42
7
249
215
91
200
228
201
5
114
148
104
4
107
40
154
140
120
96
77
50
233
217
1
218
158
173
81
20
94
154
206
95
57
81
223
128
139
194
59
66
39
175
86
83
106
187
55
208
241
35
155
144
219
239
100
117
224
173
60
131
140
224
70
248
126
79
181
59
187
203
54
70
Operator2_bts_locations 203
249
163
120
19
148
109
61
89
143
81
132
186
88
185
83
150
20
78
41
32
98
237
184
65
81
25
119
217
189
72
50
183
198
144
72
82
111
25
248
145
192
57
15
2
60
141
79
160
219
55
193
35
233
232
47
166
196
121
232
182
121
72
77
9
216
133
230
228
35
15
158
17
62
187
201
95
24
79
1
129
82
161
170
250
219
56
227
184
76
232
206
16
143
170
97
64
158
24
102
231
38
232
100
212
28
19
199
30
102
20
144
9
27
215
152
200
128
222
141
208
237
72
110
126
183
229
4
48
53
159
197
115
247
57
163
184
197
161
195
229
15
72
85
223
96
213
138
241
141
64
144
197
135
27
181
242
21
119
98
Operator1_coefficient_parameters 100
1
10
Operator1_coefficient_parameters 100
1
10
thetha_l 10
alpa 4
beta_l 7
pl 23
number_of_avg_runs 10
max_number_of_controllers 120
upper_bound_xy_limit 250
lower_bound_xy_limit 0
max_iterations 100
pool_computing 0
on_lb 5.000000e-01
off_lb 4.999000e-01
starting_pos 5.000000e-01
Carrom 0
***********simulannealbnd parms*************InitialTemperature: 1000000
ReannealInterval: 10000
StallIterLimit: 15
TolFun: 1.000000e-05
cooling: 9.999000e-01
