Operator1_bts_locations 205
112
168
115
86
46
102
123
186
30
181
206
193
229
125
25
57
105
100
120
146
126
6
205
23
2
115
203
98
104
134
212
160
2
94
161
50
224
152
7
122
104
201
3
20
136
36
36
35
93
118
40
105
173
96
80
123
210
233
75
211
1
164
70
181
198
240
160
120
44
67
24
99
133
140
221
135
40
82
224
177
111
1
144
137
101
197
185
211
79
57
9
85
126
199
83
123
27
147
189
135
53
240
33
159
126
133
243
38
231
215
166
148
78
236
56
11
242
77
63
3
237
98
183
23
58
193
182
136
130
107
59
25
237
63
31
168
212
156
30
64
164
54
236
178
102
201
77
236
162
117
172
90
171
197
214
162
203
122
64
102
20
106
13
75
60
87
225
63
118
159
218
248
52
237
183
112
157
99
177
169
187
149
12
153
204
170
161
14
121
60
146
48
12
171
7
179
118
145
89
134
222
194
14
206
156
177
149
102
204
201
113
50
131
192
96
138
80
200
242
238
33
169
210
126
50
123
232
127
168
236
100
128
39
76
193
99
31
49
170
19
245
115
22
222
221
101
205
228
204
250
52
28
88
178
77
225
181
163
135
171
159
110
168
65
121
158
193
24
73
184
84
123
67
230
41
191
76
45
85
70
232
86
148
59
40
36
27
248
226
83
164
119
145
3
43
113
183
14
25
Operator2_bts_locations 125
188
76
192
92
158
42
94
53
2
160
231
17
52
205
26
132
56
209
3
23
27
40
212
176
22
104
20
35
103
99
92
181
156
131
8
73
185
189
85
138
191
12
216
209
201
244
222
133
168
237
130
26
5
46
158
213
149
204
91
212
109
188
174
194
129
129
250
123
133
66
141
95
61
27
144
191
150
23
239
237
183
115
178
192
19
236
38
194
89
212
119
10
46
104
176
113
104
62
143
182
113
85
226
181
167
8
43
187
163
248
153
149
87
86
215
228
80
3
93
8
145
244
148
72
25
74
117
19
22
158
168
226
76
37
173
88
202
198
201
219
53
161
122
76
1
184
216
75
244
196
110
248
188
225
146
214
206
222
48
179
156
14
242
180
65
68
44
51
69
114
129
177
181
24
205
241
220
64
138
53
87
188
50
120
167
124
47
250
242
152
113
155
214
84
187
151
43
177
53
239
55
17
130
107
214
17
216
204
156
215
157
51
179
20
177
115
183
200
164
65
193
121
225
184
46
90
62
78
29
143
164
129
213
177
67
87
230
120
23
150
203
176
177
185
39
97
129
200
29
128
116
120
219
150
49
240
231
176
171
231
72
228
98
208
23
156
123
195
32
175
82
249
145
161
240
223
213
240
242
92
158
205
176
100
230
152
39
133
104
138
228
31
22
232
89
116
169
212
92
Operator1_coefficient_parameters 100
1
10
Operator1_coefficient_parameters 100
1
10
thetha_l 10
alpa 4
beta_l 7
pl 23
number_of_avg_runs 1
max_number_of_controllers 260
upper_bound_xy_limit 250
lower_bound_xy_limit 0
max_iterations 100
pool_computing 0
on_lb 5.000000e-01
off_lb 4.999000e-01
starting_pos 5.000000e-01
Carrom 0
***********simulannealbnd parms*************InitialTemperature: 1000000
ReannealInterval: 10000
StallIterLimit: 15
TolFun: 1.000000e-05
cooling: 9.999000e-01
