Operator1_bts_locations 248
7
79
89
27
57
174
34
73
127
97
190
240
14
138
232
147
241
36
171
164
182
239
224
72
113
131
9
29
146
152
6
67
46
193
18
234
17
165
26
108
125
216
125
115
25
81
155
40
224
5
28
45
74
116
90
36
31
117
147
209
100
136
52
51
174
29
22
229
181
196
212
88
61
218
194
141
135
225
239
Operator2_bts_locations 149
158
155
51
133
74
234
12
173
144
54
239
108
78
83
173
214
132
145
32
56
183
249
114
182
156
141
239
112
146
112
94
209
185
224
72
28
206
111
152
200
66
201
198
29
127
7
238
242
156
141
16
224
93
160
230
144
33
50
24
20
189
34
215
12
84
120
211
141
11
18
226
18
242
137
119
74
235
3
81
Operator1_coefficient_parameters 100
1
10
Operator1_coefficient_parameters 100
1
10
thetha_l 10
alpa 4
beta_l 7
pl 23
number_of_avg_runs 10
max_number_of_controllers 54
upper_bound_xy_limit 250
lower_bound_xy_limit 0
max_iterations 100
pool_computing 0
on_lb 5.000000e-01
off_lb 4.999000e-01
starting_pos 5.000000e-01
Carrom 0
***********simulannealbnd parms*************InitialTemperature: 1000000
ReannealInterval: 10000
StallIterLimit: 15
TolFun: 1.000000e-05
cooling: 9.999000e-01
