Operator1_bts_locations 227
82
160
234
102
222
155
23
180
32
214
13
91
219
129
147
176
216
53
97
201
125
25
99
225
39
191
245
40
227
89
173
19
90
215
113
27
130
106
196
229
170
148
126
216
92
148
15
185
99
55
41
150
35
3
207
47
20
23
189
232
28
158
207
23
5
225
121
204
232
35
36
219
78
43
211
117
134
247
28
160
33
226
230
139
82
229
109
196
59
62
16
134
122
200
170
175
89
139
133
97
188
170
148
18
38
81
219
198
169
101
239
214
98
171
117
38
61
55
146
81
7
151
137
152
122
250
78
68
52
216
33
205
215
125
219
178
158
158
231
246
168
37
9
54
84
140
100
13
126
112
78
215
135
89
22
102
117
56
18
Operator2_bts_locations 181
54
75
145
191
206
122
118
126
190
74
204
176
2
40
165
215
99
174
246
230
129
159
96
23
58
22
247
116
192
187
118
113
201
150
107
79
78
180
172
139
220
17
223
157
16
246
224
76
136
88
92
129
201
120
248
94
212
9
195
84
66
163
242
147
217
131
104
135
72
171
102
34
146
31
236
81
181
208
16
60
152
208
173
12
172
225
15
25
100
224
168
207
218
158
144
115
111
22
8
202
169
70
49
99
159
57
10
23
81
152
108
225
132
208
130
100
52
181
92
139
160
189
113
6
50
65
130
63
160
174
191
66
49
211
54
181
150
38
144
101
85
138
214
114
89
104
81
228
238
177
24
203
68
172
229
24
75
193
130
Operator1_coefficient_parameters 3.333333e-01
3.333333e-01
3.333333e-01
Operator1_coefficient_parameters 3.333333e-01
3.333333e-01
3.333333e-01
thetha_l 10
alpa 4
beta_l 7
pl 23
number_of_avg_runs 1
max_number_of_controllers 120
upper_bound_xy_limit 250
lower_bound_xy_limit 0
max_iterations 100
pool_computing 0
on_lb 5.000000e-01
off_lb 4.999000e-01
starting_pos 5.000000e-01
Carrom 0
***********simulannealbnd parms*************InitialTemperature: 1000000
ReannealInterval: 10000
StallIterLimit: 15
TolFun: 1.000000e-05
cooling: 9.999000e-01
