Operator1_bts_locations 213
73
69
82
71
34
147
189
107
178
66
26
115
113
58
110
78
127
180
1
18
161
112
31
51
97
82
206
150
115
249
5
203
7
20
120
68
55
63
214
64
199
52
231
51
81
8
238
44
183
193
240
27
56
139
23
164
241
195
205
182
159
199
141
80
184
99
41
44
224
90
76
128
178
18
29
166
50
167
146
50
38
31
146
231
18
239
144
193
179
237
226
175
157
66
48
171
114
56
112
124
226
58
107
197
8
119
169
129
237
140
89
223
196
206
192
217
237
15
118
89
130
220
29
22
174
3
201
18
42
196
83
136
141
169
25
56
117
128
214
186
49
129
1
4
183
176
50
133
21
249
99
236
123
242
238
232
103
150
139
196
170
1
98
56
193
220
73
5
12
189
160
236
168
101
180
102
154
41
41
137
118
197
44
166
210
39
225
212
190
26
21
94
89
241
122
250
232
60
19
236
18
38
184
131
244
172
7
9
247
130
158
39
141
132
23
9
207
179
223
113
242
19
12
147
29
186
10
85
59
248
53
198
182
58
1
112
2
102
62
Operator2_bts_locations 91
112
239
195
126
158
224
189
215
222
65
240
4
194
136
22
117
17
149
208
189
206
104
138
232
231
248
138
221
124
235
206
111
48
59
141
240
22
114
171
245
129
10
74
161
169
111
26
86
207
205
229
35
121
115
160
143
64
225
210
183
189
123
243
150
227
47
97
177
171
216
74
65
75
216
203
42
156
95
239
54
29
8
190
162
97
190
150
220
204
198
61
23
134
111
100
2
10
140
41
232
157
158
110
167
144
22
46
31
128
94
178
68
41
174
42
117
209
98
38
52
101
238
189
234
49
95
159
221
104
192
135
144
244
202
178
50
232
177
6
210
75
92
238
31
193
127
243
190
176
120
175
181
95
35
107
76
97
208
228
163
108
146
192
203
207
71
167
41
250
127
202
85
130
10
213
53
183
107
91
239
65
128
70
136
35
242
13
196
56
231
159
194
69
72
226
118
208
19
156
6
144
184
91
33
101
6
196
16
74
34
68
105
37
9
146
121
73
20
51
40
154
233
61
176
87
2
3
241
31
215
115
143
129
41
249
39
151
204
191
Operator1_coefficient_parameters 100
1
10
Operator1_coefficient_parameters 100
1
10
thetha_l 10
alpa 4
beta_l 7
pl 23
number_of_avg_runs 10
max_number_of_controllers 200
upper_bound_xy_limit 250
lower_bound_xy_limit 0
max_iterations 100
pool_computing 0
on_lb 5.000000e-01
off_lb 4.999000e-01
starting_pos 5.000000e-01
Carrom 0
***********simulannealbnd parms*************InitialTemperature: 1000000
ReannealInterval: 10000
StallIterLimit: 15
TolFun: 1.000000e-05
cooling: 9.999000e-01
