Operator1_bts_locations 223
186
231
109
93
5
133
99
160
202
169
206
96
187
19
54
200
234
220
68
5
216
204
5
203
188
154
118
202
30
10
195
187
41
44
133
188
165
76
212
120
7
102
186
128
108
53
142
115
128
61
35
33
46
109
212
4
161
196
17
238
196
69
216
63
48
205
90
220
25
230
157
227
228
43
170
81
20
127
231
15
54
200
215
237
2
250
210
81
148
39
218
118
125
29
176
176
188
124
212
132
156
181
235
149
68
24
22
106
244
97
21
248
157
41
140
224
45
76
63
213
3
232
14
36
28
201
119
177
143
180
19
1
47
51
169
191
114
89
202
196
122
176
210
95
239
212
16
177
210
201
201
212
132
25
135
137
175
174
211
45
5
15
107
93
84
121
4
13
164
39
110
67
129
84
74
176
244
228
99
126
74
49
186
11
133
249
220
92
210
96
191
41
178
213
211
213
242
211
153
Operator2_bts_locations 185
163
170
249
110
187
81
179
2
245
130
107
110
151
171
227
179
225
94
43
159
249
140
225
202
19
46
93
38
184
157
247
105
138
69
182
4
85
216
171
17
144
140
105
137
74
186
22
191
178
226
73
29
161
58
243
216
38
234
102
162
242
32
247
218
33
202
54
63
207
118
11
202
213
85
73
100
134
72
174
152
18
156
135
201
246
80
142
179
222
231
84
243
250
173
192
65
36
100
139
237
36
40
162
17
33
215
123
20
181
192
86
237
79
197
213
71
130
206
141
250
126
116
110
162
19
100
22
54
26
156
15
138
112
146
43
236
86
160
192
226
245
25
207
25
172
10
245
129
100
242
230
238
72
187
29
19
74
204
167
12
230
161
16
1
215
249
154
202
109
209
74
229
212
186
147
207
71
40
35
245
206
235
12
57
26
158
188
11
223
144
157
185
205
90
186
100
11
236
32
Operator1_coefficient_parameters 1
1.000000e-01
1
Operator1_coefficient_parameters 1
1.000000e-01
1
thetha_l 10
alpa 4
beta_l 7
pl 23
number_of_avg_runs 10
max_number_of_controllers 160
upper_bound_xy_limit 250
lower_bound_xy_limit 0
max_iterations 100
pool_computing 0
on_lb 5.000000e-01
off_lb 4.999000e-01
starting_pos 5.000000e-01
Carrom 0
***********simulannealbnd parms*************InitialTemperature: 1000000
ReannealInterval: 10000
StallIterLimit: 15
TolFun: 1.000000e-05
cooling: 9.999000e-01
