Operator1_bts_locations 46
146
201
111
63
170
230
131
121
96
140
33
136
123
31
168
193
229
91
22
105
249
145
183
138
19
241
91
42
158
30
129
144
117
64
122
217
145
169
53
205
159
27
161
97
62
127
233
77
225
123
182
236
44
234
68
135
76
27
55
231
200
113
103
206
74
10
201
36
84
218
237
39
246
36
178
203
144
91
183
92
14
146
40
102
122
61
154
187
91
187
150
56
136
128
30
234
179
59
178
192
71
216
243
140
168
245
132
107
179
221
171
159
103
16
203
155
186
125
182
155
116
175
46
67
63
236
177
158
60
244
57
206
32
149
248
36
123
175
143
158
42
198
136
144
230
240
43
38
203
11
239
161
173
57
241
123
129
233
3
82
78
6
224
200
224
148
76
9
166
108
111
225
133
37
118
139
5
195
148
187
166
133
11
25
21
88
169
218
53
146
211
109
81
202
64
224
101
54
36
168
102
82
153
95
84
157
164
48
47
83
249
39
167
88
135
197
208
139
155
175
156
37
4
34
175
210
247
131
250
220
15
41
158
219
56
211
160
40
133
Operator2_bts_locations 222
216
119
183
15
237
212
81
8
68
221
230
184
19
167
51
37
95
94
88
55
193
210
118
248
85
3
123
87
20
162
176
64
74
130
189
149
177
52
109
123
6
118
224
108
146
137
22
206
157
87
146
57
71
88
223
87
236
204
41
168
82
144
122
152
112
171
209
13
220
224
127
147
52
56
72
126
53
226
112
211
47
122
156
59
178
170
77
146
48
83
102
128
28
108
215
216
228
240
239
245
40
169
112
10
162
188
5
81
32
94
22
19
113
113
108
106
54
85
21
15
6
159
222
134
235
158
241
30
167
119
65
115
185
71
72
241
99
91
62
51
248
143
83
237
28
175
115
176
155
118
79
112
114
107
143
246
145
72
80
187
240
215
120
94
217
167
102
136
136
113
163
48
187
90
127
214
198
87
69
52
16
195
95
199
108
228
63
70
223
13
76
220
184
174
42
171
102
126
96
82
248
214
232
185
76
4
218
6
141
200
74
1
62
93
65
185
204
158
248
124
184
76
14
139
135
124
213
115
221
12
87
224
228
129
231
241
47
106
101
Operator1_coefficient_parameters 100
1
10
Operator1_coefficient_parameters 100
1
10
thetha_l 10
alpa 4
beta_l 7
pl 23
number_of_avg_runs 10
max_number_of_controllers 200
upper_bound_xy_limit 250
lower_bound_xy_limit 0
max_iterations 100
pool_computing 0
on_lb 5.000000e-01
off_lb 4.999000e-01
starting_pos 5.000000e-01
Carrom 1
***********simulannealbnd parms*************InitialTemperature: 1000000
ReannealInterval: 10000
StallIterLimit: 15
TolFun: 1.000000e-05
cooling: 9.999000e-01
