Operator1_bts_locations 3
53
114
199
27
170
42
118
14
160
60
54
133
15
117
11
220
238
10
217
158
195
118
243
186
162
242
139
171
240
80
192
160
6
23
195
8
29
18
94
31
11
148
246
232
66
58
234
229
250
167
140
213
183
61
182
60
50
117
116
116
116
168
58
124
218
111
140
6
142
81
120
240
22
235
196
101
12
44
230
159
94
80
3
204
128
166
246
231
52
85
83
189
50
78
37
163
55
60
41
245
179
98
20
35
182
15
150
242
215
125
46
115
12
139
231
141
126
178
235
32
243
124
49
149
194
138
43
200
20
218
134
16
54
166
56
163
30
28
219
80
246
244
101
241
28
81
250
166
103
53
239
131
235
111
22
59
190
108
151
136
180
135
191
241
143
99
26
180
38
66
175
146
217
87
195
45
133
90
65
177
192
149
114
243
207
50
95
108
228
242
138
85
222
176
246
238
205
120
148
57
113
138
158
133
137
134
65
42
183
163
197
49
99
58
244
246
249
161
197
9
80
23
151
104
170
88
1
250
236
146
94
98
141
245
159
197
235
35
164
Operator2_bts_locations 188
194
22
83
136
143
220
9
3
50
91
37
41
16
90
247
184
184
200
205
162
26
132
70
179
58
35
65
55
135
161
141
241
191
16
152
47
124
63
109
127
14
45
111
90
179
207
209
192
214
207
215
53
215
8
12
135
123
90
79
98
59
162
39
86
214
229
249
83
15
13
87
47
226
145
58
3
162
181
79
146
250
13
70
92
90
97
174
183
101
171
247
73
239
115
113
60
196
210
115
106
161
179
204
8
126
221
114
245
181
176
93
194
24
37
24
151
62
186
85
191
208
188
81
202
108
128
36
232
116
66
199
15
39
160
138
219
52
33
180
71
173
49
152
159
131
77
86
17
168
174
99
129
122
7
80
89
234
69
72
90
52
213
217
140
211
137
121
160
199
201
108
172
76
1
3
234
29
64
218
104
191
69
40
72
63
26
77
98
177
67
244
117
98
92
31
100
210
238
146
176
62
237
69
122
129
75
119
3
112
34
245
106
99
143
22
66
4
172
175
79
162
144
225
6
110
242
188
130
109
231
80
83
103
2
56
47
50
70
182
Operator1_coefficient_parameters 100
1
10
Operator1_coefficient_parameters 100
1
10
thetha_l 10
alpa 4
beta_l 7
pl 23
number_of_avg_runs 1
max_number_of_controllers 200
upper_bound_xy_limit 250
lower_bound_xy_limit 0
max_iterations 100
pool_computing 0
on_lb 5.000000e-01
off_lb 4.999000e-01
starting_pos 5.000000e-01
Carrom 0
***********simulannealbnd parms*************InitialTemperature: 1000000
ReannealInterval: 10000
StallIterLimit: 15
TolFun: 1.000000e-05
cooling: 9.999000e-01
