Operator1_bts_locations 125
67
225
184
239
64
88
49
158
204
48
198
14
172
25
52
209
10
226
5
30
216
48
205
215
30
14
55
52
237
166
74
156
241
57
83
129
187
228
46
125
27
244
217
152
36
19
208
186
59
154
101
152
14
208
53
193
13
247
3
20
155
43
125
135
238
87
128
206
82
127
199
165
60
234
154
156
137
133
212
135
174
88
219
202
213
88
41
216
163
213
82
163
83
163
197
15
228
206
199
127
163
192
93
48
250
162
63
97
98
56
156
131
225
228
249
75
51
130
190
115
237
64
44
148
100
230
74
173
201
228
116
112
75
16
87
40
143
110
83
10
72
71
215
194
59
67
42
29
130
220
99
26
130
92
211
91
126
34
42
Operator2_bts_locations 247
159
51
187
153
249
69
210
241
179
25
150
151
245
241
99
140
154
115
89
192
68
37
61
81
71
195
202
234
16
51
222
75
195
64
204
192
66
188
184
191
12
42
161
29
129
233
243
126
47
192
102
85
163
147
127
92
222
109
67
159
86
132
99
10
118
157
91
10
30
132
16
189
33
32
56
131
98
188
86
68
221
8
207
176
239
68
156
247
124
60
141
70
178
121
40
222
152
199
6
243
125
154
12
84
222
90
144
37
54
103
204
219
76
79
229
42
223
73
215
42
240
18
94
207
1
144
226
64
208
70
86
7
159
171
16
3
134
87
43
164
199
151
110
139
213
80
73
212
82
45
78
2
209
105
51
185
183
3
92
Operator1_coefficient_parameters 3.333333e-01
3.333333e-01
3.333333e-01
Operator1_coefficient_parameters 3.333333e-01
3.333333e-01
3.333333e-01
thetha_l 10
alpa 4
beta_l 7
pl 23
number_of_avg_runs 1
max_number_of_controllers 120
upper_bound_xy_limit 250
lower_bound_xy_limit 0
max_iterations 100
pool_computing 0
on_lb 5.000000e-01
off_lb 4.999000e-01
starting_pos 5.000000e-01
Carrom 0
***********simulannealbnd parms*************InitialTemperature: 1000000
ReannealInterval: 10000
StallIterLimit: 15
TolFun: 1.000000e-05
cooling: 9.999000e-01
