Operator1_bts_locations 176
56
74
99
140
16
10
97
211
178
134
138
65
89
111
120
194
244
72
195
102
128
111
79
30
160
71
185
152
54
54
141
213
173
95
81
96
238
235
240
220
120
21
90
87
174
159
131
146
220
139
246
125
145
224
173
57
199
157
28
207
12
34
149
26
118
221
41
74
126
131
47
41
208
213
98
146
67
112
234
109
185
237
154
230
174
31
55
79
219
120
49
102
43
50
157
117
170
209
31
116
126
141
64
6
88
210
239
218
52
55
160
38
98
150
111
139
141
197
217
77
12
245
61
163
195
2
70
108
74
35
163
138
139
250
121
91
138
44
132
173
212
18
209
173
93
7
232
67
12
91
12
27
67
143
131
221
229
90
15
227
63
43
134
204
44
97
139
107
55
69
46
160
108
228
201
129
66
231
196
50
250
37
217
79
195
129
19
43
219
145
196
152
44
231
98
57
176
65
246
Operator2_bts_locations 170
246
226
141
34
217
155
119
161
40
180
31
152
152
213
61
58
104
183
213
156
135
34
242
43
163
22
210
90
188
237
77
180
116
52
19
120
191
218
125
225
170
80
160
239
74
66
238
19
203
76
28
225
63
136
216
250
116
183
192
159
56
202
217
102
242
119
46
64
70
239
173
110
176
147
146
66
121
209
124
239
4
28
142
247
161
130
155
71
204
202
248
185
14
217
43
149
94
40
92
143
224
230
21
45
180
43
1
8
111
169
19
215
117
240
185
208
165
192
177
68
77
91
24
181
190
90
143
45
138
62
211
42
91
83
233
161
200
193
16
192
87
102
137
93
223
149
15
68
250
57
125
116
138
135
16
176
210
2
183
241
79
63
154
176
243
74
173
171
82
63
172
92
148
194
28
174
12
228
249
156
93
73
187
86
169
203
46
36
124
125
229
209
90
231
170
53
70
76
39
Operator1_coefficient_parameters 3.333333e-01
3.333333e-01
3.333333e-01
Operator1_coefficient_parameters 3.333333e-01
3.333333e-01
3.333333e-01
thetha_l 10
alpa 4
beta_l 7
pl 23
number_of_avg_runs 5
max_number_of_controllers 160
upper_bound_xy_limit 250
lower_bound_xy_limit 0
max_iterations 100
pool_computing 0
on_lb 5.000000e-01
off_lb 4.999000e-01
starting_pos 5.000000e-01
Carrom 0
***********simulannealbnd parms*************InitialTemperature: 1000000
ReannealInterval: 10000
StallIterLimit: 15
TolFun: 1.000000e-05
cooling: 9.999000e-01
