Operator1_bts_locations 183
100
78
4
71
8
241
246
226
131
107
107
107
69
159
130
29
234
132
220
40
93
26
134
217
224
72
25
168
117
21
53
145
177
149
3
67
42
133
79
38
194
188
187
190
93
186
39
188
198
87
51
15
54
127
109
4
169
232
128
142
130
197
71
72
139
175
58
165
220
231
246
176
140
235
230
35
15
211
88
70
172
149
10
80
142
103
63
122
144
68
155
66
104
2
105
146
115
89
208
53
170
117
55
152
177
143
111
106
61
192
223
113
199
19
125
50
11
64
188
Operator2_bts_locations 8
137
51
131
210
172
92
184
135
191
139
185
63
15
125
74
169
143
206
242
10
250
155
64
117
230
145
212
96
129
239
49
67
225
186
239
7
204
163
164
146
191
83
66
90
85
84
163
149
217
61
239
46
117
104
113
184
179
209
53
5
200
145
156
89
250
30
233
184
241
97
59
156
56
62
82
49
58
240
48
155
78
52
3
198
82
127
169
51
79
139
217
74
10
153
77
179
135
157
23
136
65
188
217
44
11
225
167
137
90
8
190
4
114
221
221
129
231
44
249
Operator1_coefficient_parameters 3.333333e-01
3.333333e-01
3.333333e-01
Operator1_coefficient_parameters 3.333333e-01
3.333333e-01
3.333333e-01
thetha_l 10
alpa 4
beta_l 7
pl 23
number_of_avg_runs 1
max_number_of_controllers 90
upper_bound_xy_limit 250
lower_bound_xy_limit 0
max_iterations 100
pool_computing 0
on_lb 5.000000e-01
off_lb 4.999000e-01
starting_pos 5.000000e-01
Carrom 0
***********simulannealbnd parms*************InitialTemperature: 1000000
ReannealInterval: 10000
StallIterLimit: 15
TolFun: 1.000000e-05
cooling: 9.999000e-01
