Operator1_bts_locations 193
163
90
140
173
15
62
54
74
62
3
104
92
164
137
194
98
229
211
121
46
54
88
136
20
184
199
116
107
203
174
21
155
108
69
224
130
116
223
81
244
211
13
55
224
211
239
168
183
221
43
72
244
155
69
204
199
156
213
74
76
38
167
56
120
220
69
95
35
189
73
249
91
236
49
93
55
8
52
74
199
88
201
235
15
17
166
46
124
152
100
185
76
209
206
211
247
167
139
65
185
170
60
56
157
44
30
161
133
98
111
219
159
49
22
78
227
92
77
159
96
147
134
135
58
78
86
173
44
105
31
62
160
104
88
208
86
160
72
185
149
142
49
136
118
46
102
130
139
94
51
232
110
7
64
159
18
160
225
82
89
196
150
200
75
117
209
248
194
245
199
96
192
106
150
108
233
36
65
234
215
143
187
19
238
174
3
237
166
58
45
117
160
48
52
127
34
41
108
177
96
182
75
125
113
83
38
128
229
229
247
123
184
197
19
13
219
123
87
147
92
218
170
139
84
76
156
117
193
23
36
59
64
10
241
22
76
106
114
137
201
219
193
100
195
226
92
168
34
101
32
125
174
125
60
135
185
141
210
116
Operator2_bts_locations 158
11
14
165
144
110
3
211
32
59
84
36
224
88
3
118
67
111
158
102
225
48
162
21
185
1
23
68
178
7
220
71
134
35
81
165
4
237
45
225
82
53
160
250
100
244
249
158
23
175
33
99
69
151
72
176
56
106
39
178
148
228
130
210
130
106
31
154
217
70
12
84
46
181
240
22
128
81
85
163
153
161
182
112
142
202
26
220
11
243
139
211
194
157
147
242
232
112
47
113
246
84
49
20
140
242
141
118
66
183
117
57
48
213
177
152
86
23
70
119
90
71
99
28
185
197
140
171
169
9
179
232
231
69
167
191
249
37
112
233
22
84
55
115
70
189
189
220
56
154
6
102
75
222
55
38
78
148
132
186
129
41
200
183
245
140
125
213
75
13
129
243
60
136
139
154
146
52
170
173
21
33
58
180
110
134
233
192
194
91
108
146
78
100
221
12
91
45
173
76
210
135
43
227
223
9
95
211
240
247
160
112
58
74
193
21
245
1
173
19
121
133
11
185
118
9
205
216
132
38
165
148
72
247
92
35
153
25
227
112
66
160
36
103
218
35
206
189
213
109
244
13
201
230
177
191
95
22
154
51
Operator1_coefficient_parameters 3.333333e-01
3.333333e-01
3.333333e-01
Operator1_coefficient_parameters 3.333333e-01
3.333333e-01
3.333333e-01
thetha_l 10
alpa 4
beta_l 7
pl 23
number_of_avg_runs 1
max_number_of_controllers 220
upper_bound_xy_limit 250
lower_bound_xy_limit 0
max_iterations 100
pool_computing 0
on_lb 5.000000e-01
off_lb 4.999000e-01
starting_pos 5.000000e-01
Carrom 0
***********simulannealbnd parms*************InitialTemperature: 1000000
ReannealInterval: 10000
StallIterLimit: 15
TolFun: 1.000000e-05
cooling: 9.999000e-01
