Operator1_bts_locations 238
6
120
143
9
79
171
158
175
203
132
140
43
69
167
153
236
91
78
228
215
180
111
146
239
197
164
69
8
127
188
18
126
97
20
161
84
190
14
69
118
47
45
34
112
121
40
3
13
237
125
34
105
127
210
247
142
177
47
173
82
19
50
191
89
216
63
151
184
240
128
16
26
147
43
42
216
237
71
207
80
34
19
141
188
106
54
50
37
216
139
248
23
28
4
32
162
19
234
35
30
249
125
246
100
183
5
195
173
201
79
224
70
154
182
146
60
203
239
147
246
76
99
184
67
139
4
161
15
98
13
38
30
91
121
18
42
26
10
199
139
142
196
141
168
155
22
83
73
49
103
98
32
217
75
223
208
105
164
101
211
74
69
42
85
237
53
234
69
40
189
34
215
112
185
184
1
49
126
46
40
230
142
141
130
56
136
120
82
204
39
78
129
168
139
153
89
96
213
209
Operator2_bts_locations 167
167
239
35
185
155
35
201
112
29
124
200
38
18
71
3
185
210
248
79
132
31
16
29
156
243
78
62
243
220
78
153
196
84
148
172
80
230
41
226
62
180
225
15
59
156
133
220
91
68
219
1
241
249
204
9
171
11
27
142
168
201
245
140
100
90
156
195
47
213
78
72
26
14
247
170
97
141
199
178
203
173
85
180
115
108
159
105
69
99
157
34
76
160
3
96
8
170
62
248
17
123
246
12
61
203
26
165
222
30
230
116
187
82
233
12
95
142
206
246
246
113
16
91
123
228
131
67
215
205
75
6
204
213
233
87
114
80
181
139
117
72
173
126
83
119
227
64
195
92
229
112
132
225
184
192
16
205
68
6
82
35
206
99
74
69
39
249
134
173
166
14
61
26
137
29
228
104
129
98
52
208
84
244
1
73
80
230
56
210
176
82
175
242
20
224
120
2
200
75
Operator1_coefficient_parameters 100
1
10
Operator1_coefficient_parameters 100
1
10
thetha_l 10
alpa 4
beta_l 7
pl 23
number_of_avg_runs 10
max_number_of_controllers 160
upper_bound_xy_limit 250
lower_bound_xy_limit 0
max_iterations 100
pool_computing 0
on_lb 5.000000e-01
off_lb 4.999000e-01
starting_pos 5.000000e-01
Carrom 1
***********simulannealbnd parms*************InitialTemperature: 1000000
ReannealInterval: 10000
StallIterLimit: 15
TolFun: 1.000000e-05
cooling: 9.999000e-01
