Operator1_bts_locations 62
67
27
73
41
184
111
186
250
207
145
124
59
39
180
151
129
211
71
126
27
82
165
220
191
203
120
72
114
72
90
154
104
231
81
188
52
76
68
174
42
133
51
40
190
229
55
43
200
153
194
139
74
148
41
93
226
103
208
244
141
171
137
188
161
37
210
33
172
236
114
28
16
195
1
152
90
99
100
105
207
182
227
196
82
51
164
28
222
147
196
150
44
21
208
39
16
148
117
116
228
40
199
169
230
141
51
64
156
95
90
8
192
60
167
188
183
204
186
162
Operator2_bts_locations 25
250
105
19
186
250
138
149
39
160
137
72
165
249
128
52
159
171
114
22
248
10
186
147
240
100
129
199
99
41
143
150
206
249
86
1
16
117
247
10
92
43
217
160
222
192
122
18
130
102
146
242
241
250
129
181
37
47
60
230
21
174
48
205
82
201
204
80
51
41
228
177
31
161
38
21
187
49
1
6
101
148
12
1
145
88
41
156
138
213
101
14
250
11
32
115
201
101
189
85
86
154
236
45
30
115
245
199
40
198
180
77
36
249
194
129
95
67
150
27
Operator1_coefficient_parameters 3.333333e-01
3.333333e-01
3.333333e-01
Operator1_coefficient_parameters 3.333333e-01
3.333333e-01
3.333333e-01
thetha_l 10
alpa 4
beta_l 7
pl 23
number_of_avg_runs 1
max_number_of_controllers 90
upper_bound_xy_limit 250
lower_bound_xy_limit 0
max_iterations 100
pool_computing 0
on_lb 5.000000e-01
off_lb 4.999000e-01
starting_pos 5.000000e-01
Carrom 0
***********simulannealbnd parms*************InitialTemperature: 1000000
ReannealInterval: 10000
StallIterLimit: 15
TolFun: 1.000000e-05
cooling: 9.999000e-01
