Operator1_bts_locations 21
10
247
77
44
95
184
8
247
104
240
147
87
104
36
218
112
88
129
214
128
64
51
23
134
44
196
70
159
27
184
206
237
157
170
83
22
192
136
187
178
208
147
226
8
228
208
41
96
208
171
240
97
78
183
131
234
208
8
84
244
90
153
121
216
27
111
82
1
84
237
99
221
66
99
250
120
95
239
237
232
11
157
40
175
91
94
36
105
197
18
157
105
6
170
144
106
200
131
207
198
77
98
159
236
213
173
165
240
106
192
1
229
31
62
7
70
104
24
250
13
101
225
24
89
73
57
105
44
139
133
234
100
100
79
4
250
73
164
155
36
183
167
67
171
6
131
149
125
175
201
18
201
214
171
122
213
55
22
162
Operator2_bts_locations 30
105
121
190
4
223
214
199
79
105
198
148
81
204
232
217
214
35
74
41
213
140
151
166
44
206
17
123
145
32
174
8
28
124
181
108
129
126
128
80
74
128
230
249
118
200
157
5
8
233
64
190
193
68
57
170
61
124
73
207
193
16
49
83
224
224
76
181
135
56
239
152
199
34
229
250
17
104
45
11
87
102
234
30
247
154
76
128
169
58
50
164
235
4
195
169
177
102
74
97
176
4
237
120
223
52
192
132
119
249
105
117
230
75
170
226
15
119
228
32
38
120
141
131
1
158
106
159
185
143
185
225
31
63
145
25
42
183
148
97
169
138
217
205
69
77
115
163
106
232
53
212
223
134
209
246
107
212
159
96
Operator1_coefficient_parameters 1
1.000000e-01
1
Operator1_coefficient_parameters 1
1.000000e-01
1
thetha_l 10
alpa 4
beta_l 7
pl 23
number_of_avg_runs 10
max_number_of_controllers 120
upper_bound_xy_limit 250
lower_bound_xy_limit 0
max_iterations 100
pool_computing 0
on_lb 5.000000e-01
off_lb 4.999000e-01
starting_pos 5.000000e-01
Carrom 0
***********simulannealbnd parms*************InitialTemperature: 1000000
ReannealInterval: 10000
StallIterLimit: 15
TolFun: 1.000000e-05
cooling: 9.999000e-01
