Operator1_bts_locations 46
171
190
121
161
19
48
16
146
248
71
40
33
216
250
103
55
162
123
39
107
156
238
24
28
180
208
206
213
134
127
142
124
245
169
169
230
231
147
138
35
150
192
137
66
57
156
99
221
3
116
31
8
208
70
67
11
52
122
191
81
74
237
10
238
79
248
161
46
85
4
102
141
115
185
231
119
194
25
222
128
117
167
169
175
32
127
35
185
80
42
194
199
241
161
56
138
95
11
138
185
233
13
215
245
23
43
189
176
92
231
55
234
204
58
42
196
239
119
225
168
35
84
231
233
56
133
20
6
19
49
97
157
241
98
189
29
13
37
151
160
102
177
203
99
176
143
16
5
159
226
224
98
58
88
56
41
7
38
143
161
186
79
239
63
200
216
188
55
106
76
211
242
213
62
78
56
70
93
71
133
55
181
107
201
222
165
110
51
90
34
165
93
31
174
58
34
93
123
42
Operator2_bts_locations 100
53
150
51
156
7
250
147
46
187
29
8
94
51
110
228
122
183
98
185
181
182
222
250
241
244
74
227
49
62
1
3
91
184
225
152
204
185
164
129
73
220
115
248
25
21
172
44
203
245
40
240
170
205
106
123
98
50
174
115
147
144
44
156
3
57
146
68
113
32
131
4
26
92
239
193
151
156
184
104
231
43
116
204
247
7
134
21
151
22
124
191
202
90
24
139
239
22
230
78
131
15
60
95
183
221
66
76
35
130
1
17
99
157
108
142
65
100
167
106
53
191
227
169
241
52
206
42
19
200
134
145
184
114
101
63
201
232
43
177
128
139
152
29
222
43
99
61
217
197
79
244
230
132
18
179
52
198
92
225
196
234
138
94
106
99
228
137
118
46
21
220
131
224
102
111
237
157
98
160
76
134
2
164
100
188
8
191
18
81
228
199
78
13
51
100
145
228
208
238
Operator1_coefficient_parameters 3.333333e-01
3.333333e-01
3.333333e-01
Operator1_coefficient_parameters 3.333333e-01
3.333333e-01
3.333333e-01
thetha_l 10
alpa 4
beta_l 7
pl 23
number_of_avg_runs 1
max_number_of_controllers 160
upper_bound_xy_limit 250
lower_bound_xy_limit 0
max_iterations 100
pool_computing 0
on_lb 5.000000e-01
off_lb 4.999000e-01
starting_pos 5.000000e-01
Carrom 0
***********simulannealbnd parms*************InitialTemperature: 1000000
ReannealInterval: 10000
StallIterLimit: 15
TolFun: 1.000000e-05
cooling: 9.999000e-01
