Operator1_bts_locations 171
227
190
17
172
75
185
15
127
75
135
118
55
98
59
90
91
177
238
184
86
232
63
68
117
100
89
201
77
34
220
223
233
9
15
109
116
1
193
84
172
157
144
180
44
43
110
109
142
176
27
31
112
57
136
75
146
70
91
44
43
88
210
90
250
208
108
192
134
44
49
70
143
43
84
45
206
12
213
44
Operator2_bts_locations 96
242
186
115
7
127
238
69
36
207
11
4
204
183
144
160
15
128
29
108
225
54
148
74
168
153
117
236
170
250
132
20
96
94
173
224
30
171
114
132
222
149
172
207
4
89
140
245
193
103
212
167
68
177
146
194
232
79
44
142
90
80
145
232
12
248
12
116
50
56
202
15
62
84
193
7
242
81
146
178
Operator1_coefficient_parameters 1
1.000000e-01
1
Operator1_coefficient_parameters 1
1.000000e-01
1
thetha_l 10
alpa 4
beta_l 7
pl 23
number_of_avg_runs 10
max_number_of_controllers 54
upper_bound_xy_limit 250
lower_bound_xy_limit 0
max_iterations 100
pool_computing 0
on_lb 5.000000e-01
off_lb 4.999000e-01
starting_pos 5.000000e-01
Carrom 0
***********simulannealbnd parms*************InitialTemperature: 1000000
ReannealInterval: 10000
StallIterLimit: 15
TolFun: 1.000000e-05
cooling: 9.999000e-01
