Operator1_bts_locations 49
49
156
52
44
16
173
233
30
189
164
136
136
109
17
41
79
235
188
68
161
220
150
202
109
210
114
216
7
239
134
176
215
155
111
164
67
133
212
40
182
134
207
46
219
1
100
103
188
106
37
131
15
240
190
244
199
75
217
60
17
70
133
215
9
2
234
52
18
204
195
76
220
36
26
227
127
142
248
235
110
208
204
229
46
12
186
32
188
22
130
43
153
207
217
51
222
171
111
158
62
7
109
194
56
116
92
133
96
199
125
218
204
189
193
113
13
164
248
6
60
103
138
69
107
21
79
97
184
61
10
162
187
169
5
84
83
130
194
52
11
209
245
136
206
149
91
18
162
153
55
160
56
160
194
98
226
6
117
175
45
148
183
205
240
246
244
240
5
9
190
91
201
27
147
202
173
148
145
102
84
198
160
13
250
173
151
207
204
248
170
185
137
249
40
25
127
27
182
128
Operator2_bts_locations 125
62
166
241
172
3
129
152
3
154
102
114
194
160
132
230
117
82
248
192
30
114
173
150
91
167
51
144
14
103
75
104
228
173
68
137
60
143
235
175
100
196
39
220
222
162
150
124
3
11
180
219
112
206
31
127
74
21
37
231
61
32
62
190
209
217
239
41
24
28
16
81
166
131
133
243
91
220
34
188
245
163
83
129
129
23
112
192
211
245
18
176
36
106
235
59
39
217
19
35
108
46
42
205
142
159
191
42
33
171
73
221
247
197
181
240
9
5
57
157
205
208
44
107
83
79
171
15
6
124
10
111
165
86
115
119
232
134
88
204
78
152
102
225
33
205
86
36
146
211
154
191
76
86
51
203
137
71
6
5
192
29
103
52
89
26
146
112
92
9
172
102
34
140
130
203
184
226
72
96
121
150
137
225
80
195
37
10
216
96
211
119
76
69
237
168
184
32
237
108
Operator1_coefficient_parameters 1
1.000000e-01
1
Operator1_coefficient_parameters 1
1.000000e-01
1
thetha_l 10
alpa 4
beta_l 7
pl 23
number_of_avg_runs 10
max_number_of_controllers 160
upper_bound_xy_limit 250
lower_bound_xy_limit 0
max_iterations 100
pool_computing 0
on_lb 5.000000e-01
off_lb 4.999000e-01
starting_pos 5.000000e-01
Carrom 0
***********simulannealbnd parms*************InitialTemperature: 1000000
ReannealInterval: 10000
StallIterLimit: 15
TolFun: 1.000000e-05
cooling: 9.999000e-01
