Operator1_bts_locations 61
183
110
1
55
98
182
192
61
9
239
133
41
91
70
146
161
30
8
121
39
232
104
101
39
219
220
24
84
174
43
87
92
86
229
43
49
242
116
184
22
54
143
81
240
148
31
70
37
180
189
212
41
107
201
52
165
73
172
78
236
60
175
35
112
162
22
129
63
94
148
249
10
67
76
52
159
179
134
19
39
171
84
211
237
188
7
187
85
201
42
160
36
206
45
45
38
109
221
125
Operator2_bts_locations 143
22
111
177
246
90
29
66
249
210
188
192
244
221
161
227
203
152
215
40
81
127
99
71
223
77
207
46
213
75
8
93
97
215
231
65
145
82
119
186
168
16
226
181
111
44
104
1
137
142
17
97
127
218
188
187
212
60
85
242
36
26
228
29
187
182
31
247
53
63
122
74
180
144
178
26
79
233
224
150
125
207
204
36
152
198
188
3
49
97
110
224
233
151
183
224
91
51
133
232
Operator1_coefficient_parameters 3.333333e-01
3.333333e-01
3.333333e-01
Operator1_coefficient_parameters 3.333333e-01
3.333333e-01
3.333333e-01
thetha_l 10
alpa 4
beta_l 7
pl 23
number_of_avg_runs 1
max_number_of_controllers 70
upper_bound_xy_limit 250
lower_bound_xy_limit 0
max_iterations 100
pool_computing 0
on_lb 5.000000e-01
off_lb 4.999000e-01
starting_pos 5.000000e-01
Carrom 0
***********simulannealbnd parms*************InitialTemperature: 1000000
ReannealInterval: 10000
StallIterLimit: 15
TolFun: 1.000000e-05
cooling: 9.999000e-01
