Operator1_bts_locations 238
100
134
226
86
166
182
56
139
114
153
136
130
72
220
235
202
243
132
29
163
48
215
236
26
75
200
111
124
8
144
144
186
20
197
49
133
232
247
244
77
189
52
216
165
26
146
241
212
189
176
62
10
116
30
41
105
167
244
70
133
233
42
198
26
221
131
244
190
181
Operator2_bts_locations 1
52
66
20
184
206
86
35
167
208
169
35
95
170
129
245
67
217
94
35
21
185
94
96
76
74
65
116
247
97
236
42
232
189
215
151
27
114
164
15
6
73
233
129
219
95
222
134
224
26
54
176
91
1
97
81
99
46
53
149
149
44
234
15
51
128
190
37
233
106
Operator1_coefficient_parameters 3.333333e-01
3.333333e-01
3.333333e-01
Operator1_coefficient_parameters 3.333333e-01
3.333333e-01
3.333333e-01
thetha_l 10
alpa 4
beta_l 7
pl 23
number_of_avg_runs 1
max_number_of_controllers 50
upper_bound_xy_limit 250
lower_bound_xy_limit 0
max_iterations 100
pool_computing 0
on_lb 5.000000e-01
off_lb 4.999000e-01
starting_pos 5.000000e-01
Carrom 0
***********simulannealbnd parms*************InitialTemperature: 1000000
ReannealInterval: 10000
StallIterLimit: 15
TolFun: 1.000000e-05
cooling: 9.999000e-01
