Operator1_bts_locations 220
2
22
184
245
138
42
102
62
110
84
49
129
219
89
42
85
66
214
119
180
132
210
67
59
208
201
62
18
14
203
36
124
1
120
111
164
93
78
58
140
89
39
186
64
98
140
226
213
21
136
29
120
3
179
147
10
59
98
200
185
233
23
74
49
246
203
111
17
88
90
230
234
200
183
5
159
101
193
137
36
77
133
243
129
146
171
129
124
61
101
22
46
122
50
106
192
126
148
29
112
143
231
11
237
174
61
89
165
122
224
153
244
196
71
21
94
16
149
173
178
176
79
51
20
196
144
86
200
144
231
220
164
166
243
93
14
100
178
167
54
166
229
128
230
73
42
99
143
127
188
72
126
129
142
97
180
19
23
61
Operator2_bts_locations 88
224
150
50
210
250
87
240
170
27
25
235
147
51
168
139
80
117
245
58
189
73
248
168
226
234
27
203
48
50
20
52
33
221
29
109
225
10
94
68
25
128
80
47
199
170
243
134
200
67
85
180
204
160
67
53
50
152
148
172
94
142
85
201
9
133
97
18
70
242
202
95
6
20
125
97
189
153
157
202
29
159
133
127
10
123
153
104
211
145
187
158
224
186
196
39
175
62
55
112
144
52
3
131
163
237
45
238
172
134
37
138
174
78
2
209
108
207
83
27
39
107
235
15
21
162
176
220
37
95
212
138
241
231
196
17
41
233
159
134
87
125
238
32
3
129
240
30
104
103
195
152
41
206
62
52
28
16
186
236
Operator1_coefficient_parameters 100
1
10
Operator1_coefficient_parameters 100
1
10
thetha_l 10
alpa 4
beta_l 7
pl 23
number_of_avg_runs 10
max_number_of_controllers 120
upper_bound_xy_limit 250
lower_bound_xy_limit 0
max_iterations 100
pool_computing 0
on_lb 5.000000e-01
off_lb 4.999000e-01
starting_pos 5.000000e-01
Carrom 0
***********simulannealbnd parms*************InitialTemperature: 1000000
ReannealInterval: 10000
StallIterLimit: 15
TolFun: 1.000000e-05
cooling: 9.999000e-01
