Operator1_bts_locations 95
50
106
107
32
222
211
20
11
134
225
113
171
233
208
156
122
61
132
6
28
77
109
177
32
133
239
49
164
50
121
44
56
57
203
193
196
219
158
197
27
213
106
112
206
236
183
17
154
16
217
88
105
182
245
200
70
210
54
101
224
91
168
48
85
178
35
162
91
83
112
192
15
127
238
226
6
1
32
6
146
180
171
72
249
226
40
169
117
16
130
172
121
59
102
106
87
80
168
111
231
14
229
9
42
134
163
163
20
139
23
173
193
37
211
50
221
186
41
167
42
146
100
166
139
121
161
30
163
25
121
175
242
63
201
203
111
119
7
144
215
215
120
23
27
100
94
28
179
71
123
54
194
79
18
12
93
167
34
46
179
208
24
144
175
163
41
29
206
11
42
175
108
184
24
206
4
181
181
110
Operator2_bts_locations 226
34
221
180
158
49
172
124
184
227
184
233
64
89
121
140
206
238
4
244
41
242
99
95
40
72
250
152
119
178
168
83
44
85
250
88
56
191
47
13
21
215
78
119
145
75
15
127
79
24
65
36
44
250
103
142
40
70
90
198
120
239
114
28
41
76
50
129
140
156
150
87
3
89
4
208
190
1
111
26
27
125
54
18
79
229
157
220
46
191
38
180
10
188
213
170
20
177
141
4
109
80
73
188
168
169
45
163
189
23
21
238
3
13
249
201
61
49
126
185
223
117
149
129
51
239
76
75
106
161
190
50
92
28
241
165
173
208
213
68
249
156
77
61
62
101
198
196
110
232
144
195
124
78
152
77
235
24
166
232
204
92
229
62
45
5
173
122
39
162
173
97
7
234
166
35
193
67
47
52
Operator1_coefficient_parameters 1
1.000000e-02
1.000000e-01
Operator1_coefficient_parameters 1
1.000000e-02
1.000000e-01
thetha_l 10
alpa 4
beta_l 7
pl 23
number_of_avg_runs 10
max_number_of_controllers 140
upper_bound_xy_limit 250
lower_bound_xy_limit 0
max_iterations 100
pool_computing 0
on_lb 5.000000e-01
off_lb 4.999000e-01
starting_pos 5.000000e-01
Carrom 0
***********simulannealbnd parms*************InitialTemperature: 1000000
ReannealInterval: 10000
StallIterLimit: 15
TolFun: 1.000000e-05
cooling: 9.999000e-01
