Operator1_bts_locations 125
8
118
113
169
142
207
194
166
137
113
202
41
2
48
36
197
103
143
105
19
153
57
17
157
109
91
180
188
246
136
73
115
158
159
244
104
14
214
71
140
108
179
24
17
245
223
214
171
114
54
54
202
236
214
30
35
214
135
210
69
172
183
133
42
171
212
98
162
124
125
174
126
12
55
22
32
150
37
208
90
209
49
139
19
161
129
73
87
208
196
102
192
42
165
47
205
191
43
66
30
57
20
230
158
78
54
3
97
171
133
92
67
180
177
181
19
65
138
24
77
82
84
167
27
148
249
179
139
74
125
207
174
40
4
179
11
172
135
233
16
103
34
165
141
96
155
106
145
28
105
49
17
126
109
152
186
156
85
131
25
193
33
232
172
169
235
227
190
236
171
148
155
77
61
234
139
177
223
250
25
117
245
25
102
24
111
89
180
120
225
35
204
157
49
149
44
203
19
139
210
230
126
210
170
137
18
134
151
110
191
27
142
73
142
209
222
180
3
99
216
28
218
49
173
135
125
211
165
74
220
193
221
217
61
69
164
7
187
49
Operator2_bts_locations 11
204
34
200
222
127
22
74
129
126
194
2
238
245
241
118
227
157
4
5
34
134
216
141
231
224
181
73
199
104
87
219
179
70
155
126
22
171
129
86
207
109
215
222
239
14
40
210
70
164
173
55
133
185
133
233
35
145
47
60
178
217
212
31
210
29
245
87
66
232
179
130
145
203
62
162
216
169
113
244
29
205
43
149
6
126
29
23
90
153
50
167
115
114
102
227
13
10
219
109
96
227
223
169
7
120
81
234
34
137
212
130
29
2
47
101
144
73
19
102
246
246
50
194
234
28
154
55
239
57
37
38
9
2
224
42
188
244
202
223
167
108
21
202
54
55
187
33
5
214
41
73
144
211
237
117
116
48
79
112
29
110
56
88
83
240
223
224
248
1
246
135
57
14
58
242
135
180
12
246
126
16
97
219
93
244
24
114
91
19
13
136
178
141
110
69
58
142
128
119
223
18
242
139
94
114
172
159
193
158
5
250
225
161
50
130
77
199
190
3
209
90
126
77
249
3
158
230
113
205
212
244
58
247
138
152
105
50
106
200
Operator1_coefficient_parameters 1
1.000000e-01
1
Operator1_coefficient_parameters 1
1.000000e-01
1
thetha_l 10
alpa 4
beta_l 7
pl 23
number_of_avg_runs 10
max_number_of_controllers 200
upper_bound_xy_limit 250
lower_bound_xy_limit 0
max_iterations 100
pool_computing 0
on_lb 5.000000e-01
off_lb 4.999000e-01
starting_pos 5.000000e-01
Carrom 0
***********simulannealbnd parms*************InitialTemperature: 1000000
ReannealInterval: 10000
StallIterLimit: 15
TolFun: 1.000000e-05
cooling: 9.999000e-01
