Operator1_bts_locations 93
48
212
40
226
229
206
175
145
24
244
140
177
70
34
231
106
186
42
110
88
197
235
119
55
100
68
65
11
19
226
158
64
241
106
231
104
108
235
165
170
35
178
31
72
13
90
183
183
172
219
59
179
166
14
115
96
109
174
206
69
161
88
87
90
64
49
204
109
200
220
86
228
34
177
142
243
8
156
108
117
109
107
110
151
65
81
7
195
85
174
5
218
205
169
44
213
225
207
174
164
67
41
26
140
66
148
101
204
146
241
10
122
91
150
27
9
119
197
14
20
22
97
126
73
45
61
125
241
113
187
104
85
221
240
41
208
148
216
5
Operator2_bts_locations 145
155
98
147
160
36
54
211
224
115
11
162
213
240
144
57
186
55
141
136
177
163
104
3
179
174
235
162
13
59
144
90
60
57
130
67
228
164
41
209
79
83
217
147
64
99
7
44
190
41
44
142
220
178
242
228
163
240
12
33
124
188
175
174
231
65
177
12
35
11
31
133
204
77
7
235
36
50
202
161
176
136
201
161
238
36
7
111
43
218
249
220
97
123
123
96
21
169
248
117
139
77
245
95
196
49
240
110
122
209
85
50
176
52
225
119
31
79
49
184
136
200
21
250
249
144
16
152
208
215
206
114
236
225
63
61
157
11
38
20
Operator1_coefficient_parameters 3.333333e-01
3.333333e-01
3.333333e-01
Operator1_coefficient_parameters 3.333333e-01
3.333333e-01
3.333333e-01
thetha_l 10
alpa 4
beta_l 7
pl 23
number_of_avg_runs 1
max_number_of_controllers 100
upper_bound_xy_limit 250
lower_bound_xy_limit 0
max_iterations 100
pool_computing 0
on_lb 5.000000e-01
off_lb 4.999000e-01
starting_pos 5.000000e-01
Carrom 0
***********simulannealbnd parms*************InitialTemperature: 1000000
ReannealInterval: 10000
StallIterLimit: 15
TolFun: 1.000000e-05
cooling: 9.999000e-01
