Operator1_bts_locations 117
237
166
145
85
183
25
108
181
43
31
156
149
236
115
148
199
14
161
96
101
244
65
190
218
65
157
161
14
28
119
211
7
11
40
75
150
153
103
37
239
140
4
242
95
73
5
131
122
72
178
81
101
229
98
197
110
97
200
50
109
122
109
14
110
70
180
70
24
181
33
161
188
99
78
152
182
158
15
42
166
148
27
90
101
7
102
99
197
95
239
142
10
90
122
218
226
110
33
17
25
78
49
28
138
221
201
75
123
233
38
191
25
19
85
171
34
149
230
159
11
113
125
102
108
216
112
79
62
173
137
88
134
193
151
26
131
6
75
156
169
239
213
147
113
145
56
12
67
45
6
72
172
161
216
98
249
185
165
209
90
76
146
39
90
208
97
180
30
121
118
116
190
185
249
77
224
184
21
228
134
56
50
231
46
39
84
107
130
232
46
26
212
124
231
141
21
8
247
91
214
48
9
60
221
197
193
12
162
102
161
212
27
186
37
70
193
234
244
248
135
151
80
50
64
178
249
87
80
184
131
218
160
51
228
114
39
108
119
15
36
143
6
107
112
146
79
6
26
91
137
170
142
193
72
120
172
53
103
250
77
109
128
33
228
50
235
182
51
11
156
23
238
176
207
101
71
121
35
218
230
163
200
227
112
124
126
157
33
102
225
7
195
211
228
161
25
34
13
186
Operator2_bts_locations 184
181
214
172
73
52
116
241
197
10
152
175
124
133
59
35
4
55
174
221
242
241
137
146
142
95
145
164
24
246
84
178
146
108
180
61
11
93
118
126
233
192
131
90
87
55
94
209
40
62
129
78
168
148
198
156
83
100
167
189
22
125
34
60
128
232
47
90
177
55
119
246
215
113
45
169
142
96
181
101
16
157
143
230
173
242
112
42
59
86
30
44
117
194
93
59
222
215
8
118
167
241
119
69
227
247
129
7
26
21
227
106
204
35
183
171
63
152
194
100
90
13
221
157
116
115
218
167
148
89
108
1
42
35
6
165
109
93
98
45
135
178
90
96
201
12
199
117
147
185
131
10
96
208
161
204
75
57
119
173
145
41
66
98
130
34
55
138
62
181
235
122
114
145
4
130
176
127
125
218
197
62
66
124
22
98
34
109
223
247
96
31
229
37
44
69
111
180
150
217
63
62
182
152
69
220
95
31
105
240
197
22
149
208
84
206
36
64
59
34
103
116
93
143
193
161
26
44
190
23
113
79
17
166
125
219
88
207
31
232
168
225
211
22
199
92
107
223
211
142
217
166
63
59
208
119
134
154
74
42
92
244
25
75
228
217
133
50
164
213
72
89
8
13
250
90
245
109
241
240
60
192
151
81
85
234
68
19
63
94
17
220
128
180
46
186
208
47
10
163
Operator1_coefficient_parameters 1
1.000000e-02
1.000000e-01
Operator1_coefficient_parameters 1
1.000000e-02
1.000000e-01
thetha_l 10
alpa 4
beta_l 7
pl 23
number_of_avg_runs 10
max_number_of_controllers 260
upper_bound_xy_limit 250
lower_bound_xy_limit 0
max_iterations 100
pool_computing 0
on_lb 5.000000e-01
off_lb 4.999000e-01
starting_pos 5.000000e-01
Carrom 0
***********simulannealbnd parms*************InitialTemperature: 1000000
ReannealInterval: 10000
StallIterLimit: 15
TolFun: 1.000000e-05
cooling: 9.999000e-01
