Operator1_bts_locations 7
123
24
74
34
170
215
144
118
240
64
59
133
220
17
112
120
240
71
214
103
61
23
72
1
71
144
223
48
79
10
3
237
34
166
239
205
6
236
182
160
149
211
95
232
162
186
79
231
158
49
210
233
155
86
84
44
234
147
170
129
176
248
249
14
118
15
79
169
176
83
90
66
52
234
157
134
26
100
221
143
89
236
194
211
86
48
223
191
84
215
110
27
6
189
152
36
26
59
200
178
139
90
242
36
108
183
244
109
211
170
174
3
52
104
1
30
250
122
143
137
234
191
243
39
99
80
155
195
98
181
170
26
138
151
241
31
146
71
77
48
44
84
197
154
146
2
15
156
108
11
190
9
138
68
206
231
226
58
221
89
218
162
34
71
66
246
60
16
12
210
248
70
97
92
108
23
178
29
248
82
17
55
109
119
78
90
218
149
95
229
74
113
83
177
182
126
169
42
50
88
46
175
66
212
138
143
95
169
215
112
31
216
148
32
115
235
216
175
79
68
160
140
53
77
235
249
104
62
67
174
125
28
81
239
85
155
158
217
203
Operator2_bts_locations 42
203
37
15
42
235
120
175
206
112
98
193
130
12
224
250
38
191
239
22
222
226
181
225
229
79
65
217
179
207
98
23
61
4
33
5
103
68
26
162
174
90
106
75
246
105
85
204
246
93
203
90
84
244
73
234
240
189
52
110
164
235
71
133
201
120
35
212
68
80
103
46
102
50
186
126
53
235
9
236
173
159
226
123
10
238
174
23
63
4
17
200
179
3
192
111
14
236
203
49
95
170
244
39
32
96
165
7
35
76
243
2
200
195
22
189
90
79
84
173
126
183
235
106
226
215
168
231
152
118
165
171
139
20
25
235
221
177
105
237
22
179
14
84
65
75
136
184
65
227
62
32
10
167
97
71
73
109
87
242
46
58
186
168
15
178
48
113
132
34
53
155
26
111
198
101
8
248
38
109
237
4
221
242
93
121
47
24
140
210
202
50
115
190
191
232
191
73
161
152
190
189
208
189
236
49
19
59
100
85
108
239
174
25
204
73
130
63
129
217
179
206
170
17
1
171
65
145
39
70
245
155
225
35
57
65
129
244
113
96
Operator1_coefficient_parameters 3.333333e-01
3.333333e-01
3.333333e-01
Operator1_coefficient_parameters 3.333333e-01
3.333333e-01
3.333333e-01
thetha_l 10
alpa 4
beta_l 7
pl 23
number_of_avg_runs 5
max_number_of_controllers 200
upper_bound_xy_limit 250
lower_bound_xy_limit 0
max_iterations 100
pool_computing 0
on_lb 5.000000e-01
off_lb 4.999000e-01
starting_pos 5.000000e-01
Carrom 0
***********simulannealbnd parms*************InitialTemperature: 1000000
ReannealInterval: 10000
StallIterLimit: 15
TolFun: 1.000000e-05
cooling: 9.999000e-01
