Operator1_bts_locations 183
160
181
196
205
121
174
245
67
230
228
170
43
91
146
238
215
128
6
228
137
94
161
106
105
220
54
126
201
57
129
137
141
210
173
199
78
145
103
189
235
242
14
157
182
200
57
17
182
23
169
187
36
64
165
18
246
204
156
53
102
109
124
70
190
213
161
245
10
127
64
24
60
194
29
74
66
116
102
161
Operator2_bts_locations 59
58
119
241
192
145
49
156
126
232
138
249
234
168
57
98
167
222
151
86
206
189
186
39
205
119
162
66
79
86
189
5
102
127
153
93
30
86
146
176
76
196
24
42
40
170
109
25
91
44
170
103
39
129
7
49
6
226
14
112
6
53
21
201
29
189
160
60
90
114
47
234
65
44
12
13
229
82
62
9
Operator1_coefficient_parameters 100
1
10
Operator1_coefficient_parameters 100
1
10
thetha_l 10
alpa 4
beta_l 7
pl 23
number_of_avg_runs 10
max_number_of_controllers 54
upper_bound_xy_limit 250
lower_bound_xy_limit 0
max_iterations 100
pool_computing 0
on_lb 5.000000e-01
off_lb 4.999000e-01
starting_pos 5.000000e-01
Carrom 0
***********simulannealbnd parms*************InitialTemperature: 1000000
ReannealInterval: 10000
StallIterLimit: 15
TolFun: 1.000000e-05
cooling: 9.999000e-01
