Operator1_bts_locations 1
188
23
137
167
62
96
193
138
47
49
224
250
43
109
138
86
196
103
34
169
234
16
76
126
212
46
153
209
37
174
53
40
79
142
18
189
229
160
58
160
161
38
213
190
225
136
41
7
163
130
212
16
72
133
154
182
145
208
171
66
28
246
106
244
220
224
161
73
234
17
27
102
183
29
225
123
40
80
195
124
245
41
167
169
39
74
248
166
131
152
61
181
224
83
153
222
52
34
244
161
147
117
81
46
204
28
200
101
29
21
13
62
185
191
202
231
18
212
215
176
243
28
178
193
48
100
45
209
134
96
108
220
250
66
176
83
137
247
224
Operator2_bts_locations 176
203
52
79
234
116
213
154
18
55
46
130
148
234
96
56
111
43
217
104
162
27
207
29
48
45
139
14
134
41
118
133
216
242
243
70
181
71
107
31
38
65
62
206
188
15
54
34
30
133
127
87
163
14
200
91
216
89
91
165
207
3
182
171
111
4
76
180
94
42
197
197
132
82
1
231
152
147
143
83
149
186
112
58
110
59
125
147
72
48
90
42
91
4
46
119
134
64
190
93
139
97
240
126
243
61
2
248
124
232
171
165
219
67
179
33
89
221
204
226
120
102
75
127
71
62
118
52
1
234
159
177
190
139
187
53
239
18
195
28
Operator1_coefficient_parameters 1
1.000000e-01
1
Operator1_coefficient_parameters 1
1.000000e-01
1
thetha_l 10
alpa 4
beta_l 7
pl 23
number_of_avg_runs 10
max_number_of_controllers 100
upper_bound_xy_limit 250
lower_bound_xy_limit 0
max_iterations 100
pool_computing 0
on_lb 5.000000e-01
off_lb 4.999000e-01
starting_pos 5.000000e-01
Carrom 0
***********simulannealbnd parms*************InitialTemperature: 1000000
ReannealInterval: 10000
StallIterLimit: 15
TolFun: 1.000000e-05
cooling: 9.999000e-01
