Operator1_bts_locations 52
136
140
19
221
200
28
61
86
203
171
188
201
87
219
24
192
68
101
219
245
241
118
5
133
125
185
9
222
90
235
7
202
206
154
190
61
246
229
125
153
111
242
30
149
239
166
25
100
201
101
212
214
50
129
136
165
160
18
233
219
43
170
91
107
231
146
110
121
118
238
86
146
176
235
158
184
107
220
12
116
119
88
180
25
142
185
223
202
231
166
138
25
109
41
26
51
84
58
205
214
43
35
220
101
47
60
195
181
227
182
93
71
160
215
9
60
45
73
161
22
133
99
147
206
227
231
166
52
43
32
136
52
245
120
83
166
199
96
190
140
96
138
189
131
146
144
38
220
247
206
161
170
43
240
115
46
55
36
182
3
175
171
230
64
131
124
101
100
113
3
177
44
67
140
208
144
141
46
183
73
137
248
23
38
70
54
198
170
111
163
217
89
79
140
44
191
114
129
84
211
184
14
170
7
229
201
216
219
112
204
37
142
143
115
206
214
153
40
184
228
243
226
196
203
41
151
233
216
191
41
13
200
82
68
213
172
216
80
37
42
149
189
68
227
45
156
202
93
154
89
172
108
78
86
239
211
17
169
5
39
140
113
223
48
128
63
11
122
246
111
86
82
214
93
213
156
99
109
236
27
182
128
87
243
224
157
2
36
231
85
45
159
42
105
162
222
44
94
52
Operator2_bts_locations 105
34
2
112
121
65
56
214
34
23
196
162
57
199
20
142
19
202
249
44
131
43
12
120
19
194
173
216
130
4
170
88
89
176
196
125
68
81
3
40
70
116
34
220
21
206
194
199
52
17
114
131
7
139
33
217
23
20
124
225
184
107
7
68
99
164
116
46
134
200
118
108
75
147
57
13
181
139
238
96
84
81
3
55
240
190
161
78
181
138
236
154
52
175
106
141
46
34
218
192
193
109
233
157
105
157
36
93
134
246
207
66
116
33
110
69
30
213
96
3
58
195
191
14
233
179
190
179
217
143
173
34
96
100
21
127
50
165
145
36
164
159
168
21
184
11
98
226
46
185
112
139
233
57
210
130
173
8
33
73
82
197
149
158
17
236
138
43
114
104
98
44
189
69
103
227
227
106
234
138
242
203
200
3
80
23
99
206
18
140
20
49
119
19
194
25
118
83
217
60
83
20
198
11
239
212
140
12
187
227
48
198
54
200
115
66
190
86
200
191
196
103
21
59
170
39
27
56
60
159
2
192
240
136
230
207
108
177
63
5
115
215
16
83
59
45
207
81
109
143
205
110
226
52
220
196
30
133
173
28
32
47
159
209
25
106
200
184
54
120
46
13
196
96
188
63
61
233
64
104
65
96
163
233
137
133
192
144
192
142
59
150
18
78
199
93
226
69
141
7
Operator1_coefficient_parameters 3.333333e-01
3.333333e-01
3.333333e-01
Operator1_coefficient_parameters 3.333333e-01
3.333333e-01
3.333333e-01
thetha_l 10
alpa 4
beta_l 7
pl 23
number_of_avg_runs 5
max_number_of_controllers 260
upper_bound_xy_limit 250
lower_bound_xy_limit 0
max_iterations 100
pool_computing 0
on_lb 5.000000e-01
off_lb 4.999000e-01
starting_pos 5.000000e-01
Carrom 0
***********simulannealbnd parms*************InitialTemperature: 1000000
ReannealInterval: 10000
StallIterLimit: 15
TolFun: 1.000000e-05
cooling: 9.999000e-01
