Operator1_bts_locations 114
43
233
204
224
146
35
27
131
167
62
196
30
146
124
68
229
136
218
167
35
159
74
121
187
49
123
212
15
164
221
187
173
130
97
1
231
197
184
217
247
139
5
172
147
144
195
186
117
4
92
116
175
213
230
39
128
227
71
10
23
200
133
190
153
176
209
153
55
126
97
40
30
145
113
228
244
243
193
152
83
202
216
216
8
193
64
120
81
209
134
3
184
84
102
85
243
17
37
204
231
124
21
3
215
106
222
25
21
168
17
193
92
152
213
174
50
209
137
7
241
163
34
55
37
31
1
205
177
84
19
151
25
162
239
59
36
68
173
109
152
90
235
123
203
143
159
208
135
38
153
188
144
177
59
70
203
218
222
194
245
241
1
227
130
76
181
217
48
50
32
200
13
242
94
134
20
220
164
209
Operator2_bts_locations 112
179
226
188
237
197
79
177
76
41
201
121
27
121
25
147
195
164
83
157
114
225
43
130
133
123
188
24
29
39
112
131
28
137
49
14
202
155
180
14
211
65
84
242
249
112
129
153
22
185
222
31
131
112
198
66
143
162
85
194
17
105
37
103
11
79
237
8
60
215
20
4
91
126
27
153
66
147
6
57
156
8
242
210
116
65
104
178
119
131
6
21
65
248
181
79
43
168
53
191
227
189
161
190
115
162
76
108
6
89
135
108
201
191
110
62
74
217
61
178
43
232
47
215
116
50
223
71
151
46
103
230
32
98
79
201
197
158
146
91
238
52
43
172
232
219
86
219
198
167
21
233
32
28
22
107
47
202
103
109
89
223
182
173
34
97
213
76
163
182
15
213
197
89
156
37
156
203
98
62
Operator1_coefficient_parameters 1
1.000000e-01
1
Operator1_coefficient_parameters 1
1.000000e-01
1
thetha_l 10
alpa 4
beta_l 7
pl 23
number_of_avg_runs 10
max_number_of_controllers 140
upper_bound_xy_limit 250
lower_bound_xy_limit 0
max_iterations 100
pool_computing 0
on_lb 5.000000e-01
off_lb 4.999000e-01
starting_pos 5.000000e-01
Carrom 0
***********simulannealbnd parms*************InitialTemperature: 1000000
ReannealInterval: 10000
StallIterLimit: 15
TolFun: 1.000000e-05
cooling: 9.999000e-01
