Operator1_bts_locations 77
250
35
176
210
24
186
171
224
109
32
24
67
172
3
226
78
162
83
55
179
89
112
205
53
6
168
209
139
102
122
220
102
165
133
34
3
103
229
5
112
38
107
65
131
29
200
13
101
85
169
73
216
1
149
209
171
67
156
168
27
14
132
138
45
58
58
207
125
4
207
47
66
56
241
14
161
74
34
125
202
68
189
146
114
247
91
218
181
210
62
111
60
6
128
55
60
28
25
21
89
115
14
247
243
74
208
128
238
16
208
41
145
76
162
166
163
150
75
213
Operator2_bts_locations 118
217
245
209
16
155
59
158
236
51
8
143
48
218
17
125
1
97
214
183
185
189
112
201
193
195
27
54
22
181
200
42
138
120
220
90
7
232
246
121
86
49
18
13
182
57
227
4
225
126
57
139
37
24
119
58
56
60
76
30
6
120
9
147
228
140
201
221
210
162
92
188
49
226
97
243
136
53
216
208
194
30
211
202
99
156
228
112
174
213
104
120
244
190
19
233
185
141
228
38
38
70
109
126
242
120
211
238
54
174
101
49
22
245
215
196
71
18
177
167
Operator1_coefficient_parameters 3.333333e-01
3.333333e-01
3.333333e-01
Operator1_coefficient_parameters 3.333333e-01
3.333333e-01
3.333333e-01
thetha_l 10
alpa 4
beta_l 7
pl 23
number_of_avg_runs 5
max_number_of_controllers 90
upper_bound_xy_limit 250
lower_bound_xy_limit 0
max_iterations 100
pool_computing 0
on_lb 5.000000e-01
off_lb 4.999000e-01
starting_pos 5.000000e-01
Carrom 0
***********simulannealbnd parms*************InitialTemperature: 1000000
ReannealInterval: 10000
StallIterLimit: 15
TolFun: 1.000000e-05
cooling: 9.999000e-01
