Operator1_bts_locations 122
21
171
6
180
94
155
63
213
26
52
169
68
39
232
155
124
34
190
126
57
82
100
226
30
62
74
48
228
217
71
69
206
36
249
147
53
166
9
148
40
192
43
21
73
174
54
181
53
208
203
15
213
142
45
245
109
139
109
68
150
208
22
111
136
188
141
69
227
59
203
37
72
172
17
242
91
113
186
225
9
248
93
5
40
102
136
217
183
179
130
174
13
141
214
203
63
124
71
210
58
143
136
11
190
57
114
120
232
131
225
34
200
23
168
21
44
179
3
182
165
3
162
169
92
132
208
24
61
10
75
220
118
89
231
110
226
198
30
17
117
116
247
202
163
194
224
174
117
123
240
191
114
201
181
8
25
88
47
141
83
85
236
18
106
199
155
110
118
231
181
167
138
128
6
57
199
96
79
105
180
154
59
87
47
118
162
148
110
106
244
195
48
60
114
174
83
24
155
178
199
59
17
25
187
120
107
98
190
168
234
209
216
215
201
142
131
174
104
86
242
50
128
117
162
106
231
235
40
23
199
152
6
136
210
68
135
174
24
122
84
238
232
220
89
76
228
38
165
42
83
158
44
245
182
88
131
42
19
157
106
189
231
84
6
16
23
226
144
119
139
223
44
164
55
195
9
117
98
28
Operator2_bts_locations 46
96
152
117
103
100
28
169
76
244
216
173
12
31
239
22
19
28
77
155
45
180
159
122
121
210
18
37
203
102
177
182
43
209
11
117
216
15
2
145
121
10
162
240
30
161
230
93
150
199
132
15
230
231
155
128
41
133
28
83
199
43
133
168
134
196
38
124
140
91
149
163
51
223
133
91
165
154
216
13
207
31
203
208
187
230
96
61
30
109
36
193
172
31
60
128
107
89
63
37
237
39
229
239
21
181
113
14
211
38
52
152
125
115
216
100
191
179
86
123
146
173
149
159
129
210
23
161
11
200
11
147
218
89
65
159
28
31
77
30
155
238
128
114
76
5
114
99
193
185
120
201
111
152
211
243
52
107
34
168
99
25
95
74
217
237
50
160
158
111
203
62
107
4
249
159
158
221
93
106
223
136
81
29
27
37
132
109
85
214
177
58
66
119
186
47
117
144
13
79
184
105
239
39
76
247
238
151
154
119
29
50
71
169
44
179
63
41
132
191
44
120
118
228
187
156
92
65
222
10
157
92
27
212
143
247
48
194
8
241
126
92
150
145
227
17
177
30
250
134
228
7
198
107
125
249
173
167
72
55
174
122
80
200
225
200
24
99
178
60
91
96
70
159
38
159
190
129
100
88
Operator1_coefficient_parameters 3.333333e-01
3.333333e-01
3.333333e-01
Operator1_coefficient_parameters 3.333333e-01
3.333333e-01
3.333333e-01
thetha_l 10
alpa 4
beta_l 7
pl 23
number_of_avg_runs 5
max_number_of_controllers 240
upper_bound_xy_limit 250
lower_bound_xy_limit 0
max_iterations 100
pool_computing 0
on_lb 5.000000e-01
off_lb 4.999000e-01
starting_pos 5.000000e-01
Carrom 0
***********simulannealbnd parms*************InitialTemperature: 1000000
ReannealInterval: 10000
StallIterLimit: 15
TolFun: 1.000000e-05
cooling: 9.999000e-01
