Operator1_bts_locations 69
134
225
29
133
85
135
189
9
136
205
112
117
7
45
45
93
76
166
226
217
41
215
169
118
44
223
25
205
68
120
48
103
241
4
4
22
49
63
67
225
204
101
68
21
143
211
159
237
111
33
98
2
37
39
153
198
183
95
199
238
42
53
103
170
238
9
31
150
69
Operator2_bts_locations 91
9
222
141
209
228
158
134
127
141
201
40
50
161
33
195
88
237
240
168
224
136
189
107
99
135
50
117
87
100
184
226
53
181
178
173
83
108
173
53
168
71
12
181
210
246
217
56
187
216
164
229
219
231
81
119
34
85
102
110
198
53
38
79
216
137
209
186
248
180
Operator1_coefficient_parameters 3.333333e-01
3.333333e-01
3.333333e-01
Operator1_coefficient_parameters 3.333333e-01
3.333333e-01
3.333333e-01
thetha_l 10
alpa 4
beta_l 1
pl 23
number_of_avg_runs 5
max_number_of_controllers 50
upper_bound_xy_limit 250
lower_bound_xy_limit 0
max_iterations 100
pool_computing 0
on_lb 5.000000e-01
off_lb 4.999000e-01
starting_pos 5.000000e-01
Carrom 0
***********simulannealbnd parms*************InitialTemperature: 1000000
ReannealInterval: 10000
StallIterLimit: 15
TolFun: 1.000000e-05
cooling: 9.999000e-01
