Operator1_bts_locations 43
85
14
68
130
44
56
85
164
79
202
170
143
29
115
201
70
162
61
95
201
196
219
209
37
26
233
86
25
26
94
184
200
164
248
107
238
201
247
81
57
103
26
8
12
73
189
208
45
101
88
54
83
35
159
82
186
92
70
248
37
209
160
175
175
64
67
45
228
180
237
64
220
163
118
214
49
75
113
96
78
32
94
170
227
140
239
202
250
7
94
22
169
2
195
80
187
43
24
164
155
154
9
42
214
85
151
126
26
128
22
16
176
148
23
215
135
234
11
29
124
43
214
55
194
233
182
101
155
209
65
230
46
9
212
122
21
136
235
128
211
217
116
29
179
147
156
71
177
163
182
247
246
53
51
182
153
9
235
101
37
123
71
38
72
230
61
172
5
93
148
114
108
250
70
141
206
223
154
127
53
69
160
11
159
99
46
74
49
182
178
90
96
178
154
93
237
193
59
68
25
100
142
38
65
115
146
85
164
129
226
239
53
28
171
126
214
182
121
116
Operator2_bts_locations 203
151
199
207
168
196
149
97
235
74
38
172
20
78
167
177
2
37
13
219
219
151
82
5
218
189
211
10
186
164
187
30
184
159
123
90
158
166
196
209
169
151
1
106
113
141
81
127
230
73
112
149
123
105
84
155
196
205
36
21
126
87
109
131
165
141
179
217
3
239
96
186
91
92
94
105
226
203
120
244
183
61
110
242
167
113
26
216
39
84
111
163
36
92
210
181
163
41
228
189
156
78
2
236
3
76
45
13
127
82
65
126
234
127
120
60
216
123
55
225
235
194
31
128
144
6
206
176
168
97
221
123
167
227
177
191
177
109
154
63
112
98
76
229
208
242
65
132
189
238
36
246
205
181
175
166
179
213
232
131
23
140
102
8
215
40
204
173
192
6
129
70
241
103
79
92
241
66
240
110
148
245
233
174
243
66
148
132
240
54
175
238
62
87
45
201
14
197
199
28
153
140
72
192
75
97
125
205
5
203
242
90
31
185
158
57
8
64
133
75
Operator1_coefficient_parameters 3.333333e-01
3.333333e-01
3.333333e-01
Operator1_coefficient_parameters 3.333333e-01
3.333333e-01
3.333333e-01
thetha_l 10
alpa 4
beta_l 7
pl 23
number_of_avg_runs 5
max_number_of_controllers 180
upper_bound_xy_limit 250
lower_bound_xy_limit 0
max_iterations 100
pool_computing 0
on_lb 5.000000e-01
off_lb 4.999000e-01
starting_pos 5.000000e-01
Carrom 0
***********simulannealbnd parms*************InitialTemperature: 1000000
ReannealInterval: 10000
StallIterLimit: 15
TolFun: 1.000000e-05
cooling: 9.999000e-01
