Operator1_bts_locations 75
44
93
97
142
156
170
99
228
146
146
248
246
141
191
64
124
17
36
211
215
247
88
93
78
250
40
247
31
54
165
70
82
101
142
29
33
19
45
47
157
8
119
124
82
105
41
7
180
130
67
104
42
62
190
210
120
73
190
184
17
248
10
195
244
104
78
152
34
46
114
82
120
12
7
23
184
201
50
230
Operator2_bts_locations 225
146
171
209
189
145
100
11
13
76
184
77
89
140
48
148
11
201
92
62
141
157
76
119
147
218
43
122
133
209
228
1
54
65
162
240
203
153
83
103
147
89
100
1
169
232
249
59
219
176
23
12
218
239
241
32
185
244
92
128
79
32
205
187
150
144
66
17
110
139
163
109
105
13
40
196
37
228
148
222
Operator1_coefficient_parameters 3.333333e-01
3.333333e-01
3.333333e-01
Operator1_coefficient_parameters 3.333333e-01
3.333333e-01
3.333333e-01
thetha_l 10
alpa 4
beta_l 7
pl 23
number_of_avg_runs 5
max_number_of_controllers 54
upper_bound_xy_limit 250
lower_bound_xy_limit 0
max_iterations 100
pool_computing 0
on_lb 5.000000e-01
off_lb 4.999000e-01
starting_pos 5.000000e-01
Carrom 0
***********simulannealbnd parms*************InitialTemperature: 1000000
ReannealInterval: 10000
StallIterLimit: 15
TolFun: 1.000000e-05
cooling: 9.999000e-01
