Operator1_bts_locations 163
159
143
156
238
27
105
10
204
139
210
85
70
225
56
121
8
241
193
101
129
216
13
111
234
98
128
161
185
206
21
72
121
107
120
176
182
175
77
28
218
152
13
178
87
101
203
198
189
136
86
109
150
58
28
127
172
138
150
45
24
107
93
144
125
42
120
15
27
176
144
155
49
169
32
196
139
91
93
239
Operator2_bts_locations 96
160
88
195
74
164
60
2
186
65
146
200
95
144
87
246
35
152
160
132
190
216
169
55
214
206
17
134
154
93
8
99
128
116
34
229
90
198
152
104
69
38
71
59
98
66
38
232
83
108
230
124
202
189
91
1
98
169
51
120
104
182
220
165
179
21
160
2
113
155
166
217
79
12
13
41
119
20
40
115
Operator1_coefficient_parameters 1
1.000000e-01
1
Operator1_coefficient_parameters 1
1.000000e-01
1
thetha_l 10
alpa 4
beta_l 7
pl 23
number_of_avg_runs 10
max_number_of_controllers 54
upper_bound_xy_limit 250
lower_bound_xy_limit 0
max_iterations 100
pool_computing 0
on_lb 5.000000e-01
off_lb 4.999000e-01
starting_pos 5.000000e-01
Carrom 0
***********simulannealbnd parms*************InitialTemperature: 1000000
ReannealInterval: 10000
StallIterLimit: 15
TolFun: 1.000000e-05
cooling: 9.999000e-01
