Operator1_bts_locations 246
110
209
135
7
2
197
112
73
216
165
72
162
66
44
93
135
232
188
37
1
32
230
169
29
241
30
124
91
118
15
83
67
62
237
9
227
93
166
239
24
172
104
28
123
116
220
166
70
165
162
225
221
84
107
201
231
217
125
147
232
42
94
65
208
18
71
139
155
103
65
105
96
25
33
153
165
211
125
77
43
13
57
92
142
143
195
148
28
161
19
92
72
186
17
190
61
58
3
34
53
54
227
70
25
196
167
154
86
173
59
78
90
55
170
185
3
89
60
232
191
95
172
175
148
241
196
135
24
222
65
116
83
190
201
201
220
22
167
126
Operator2_bts_locations 84
148
88
52
66
25
38
81
149
39
16
2
194
171
31
180
41
31
171
37
15
34
4
48
18
10
77
129
99
249
110
38
195
186
22
118
74
102
108
218
177
4
7
60
150
232
84
111
25
179
181
196
236
12
201
117
70
12
197
225
194
210
87
48
95
65
6
74
61
51
88
135
32
49
123
102
184
75
202
229
192
84
180
9
154
29
13
14
7
239
132
190
148
185
80
213
124
29
204
167
96
180
105
14
147
75
103
147
79
37
248
27
84
10
231
94
248
136
141
47
54
122
55
235
70
239
204
88
6
86
97
24
243
48
42
127
128
13
92
147
Operator1_coefficient_parameters 100
1
10
Operator1_coefficient_parameters 100
1
10
thetha_l 10
alpa 4
beta_l 7
pl 23
number_of_avg_runs 1
max_number_of_controllers 100
upper_bound_xy_limit 250
lower_bound_xy_limit 0
max_iterations 100
pool_computing 0
on_lb 5.000000e-01
off_lb 4.999000e-01
starting_pos 5.000000e-01
Carrom 0
***********simulannealbnd parms*************InitialTemperature: 1000000
ReannealInterval: 10000
StallIterLimit: 15
TolFun: 1.000000e-05
cooling: 9.999000e-01
