Operator1_bts_locations 156
160
164
204
59
147
205
76
115
150
161
178
64
68
128
5
203
230
233
229
176
250
69
60
159
233
162
206
168
187
56
91
236
9
103
21
18
63
247
209
244
86
176
147
9
170
85
76
69
172
188
203
137
151
233
40
205
211
86
115
203
51
79
233
8
39
215
64
127
76
250
13
57
65
144
10
31
62
61
141
145
122
188
35
110
230
47
225
144
202
47
42
31
205
158
155
182
147
67
44
156
166
52
119
44
33
69
186
217
82
38
150
153
53
247
25
48
186
124
74
55
32
15
80
218
187
198
195
97
105
7
248
230
238
54
52
204
102
18
133
5
75
72
198
235
243
69
161
36
112
39
118
106
218
128
205
143
179
144
126
144
199
162
86
99
230
20
170
220
13
161
246
28
235
181
111
118
6
125
214
Operator2_bts_locations 114
211
219
120
166
87
119
42
113
244
3
109
164
213
111
217
20
240
134
65
214
67
59
2
149
93
68
54
195
197
78
138
181
14
93
38
155
32
113
54
7
200
212
169
126
218
112
46
199
68
210
186
56
141
187
172
17
232
15
222
53
191
53
29
218
42
17
21
54
110
175
216
200
103
220
131
219
173
64
191
146
186
121
54
241
127
244
245
132
220
244
24
185
68
7
144
188
175
118
11
141
67
169
239
119
136
157
175
197
93
81
237
147
21
238
6
124
207
160
60
167
39
173
34
17
35
173
178
93
168
16
17
176
114
62
217
156
116
87
15
134
99
62
14
103
66
190
250
20
195
100
203
160
166
78
144
242
54
29
23
142
37
135
70
139
121
116
158
108
59
25
196
162
53
162
156
82
14
79
125
Operator1_coefficient_parameters 100
1
10
Operator1_coefficient_parameters 100
1
10
thetha_l 10
alpa 4
beta_l 7
pl 23
number_of_avg_runs 10
max_number_of_controllers 140
upper_bound_xy_limit 250
lower_bound_xy_limit 0
max_iterations 100
pool_computing 0
on_lb 5.000000e-01
off_lb 4.999000e-01
starting_pos 5.000000e-01
Carrom 1
***********simulannealbnd parms*************InitialTemperature: 1000000
ReannealInterval: 10000
StallIterLimit: 15
TolFun: 1.000000e-05
cooling: 9.999000e-01
