Operator1_bts_locations 159
43
78
85
213
56
204
143
147
167
42
115
90
30
67
187
153
84
88
119
92
183
123
15
246
19
99
186
174
3
137
100
78
122
250
239
204
242
85
221
94
47
64
146
118
183
206
199
89
37
39
91
124
124
108
22
192
127
233
139
57
172
71
216
70
161
130
179
123
57
103
70
85
174
182
148
17
60
36
201
202
168
105
91
29
23
48
230
194
213
250
188
13
6
203
172
231
211
145
193
215
99
30
112
55
30
17
125
95
42
201
1
128
71
77
163
115
156
98
70
37
130
130
138
118
161
96
52
10
225
13
74
16
24
240
133
214
155
192
23
102
244
8
32
8
57
35
191
12
53
244
68
97
16
52
211
155
184
36
247
168
224
62
155
107
97
225
212
137
200
24
86
136
112
25
154
162
146
109
170
Operator2_bts_locations 48
227
247
236
81
20
4
179
226
158
68
48
246
103
156
232
158
39
58
235
124
122
134
225
121
19
192
121
43
74
69
74
236
103
105
117
79
216
140
139
21
89
84
211
76
84
200
151
25
187
87
68
60
212
142
59
69
223
129
202
226
176
123
103
124
142
206
129
52
123
9
8
148
52
152
26
60
210
229
29
44
232
223
246
174
183
234
180
120
148
179
28
204
121
171
224
173
3
76
137
155
134
6
135
5
206
188
118
193
145
80
92
42
92
216
12
241
5
122
96
172
140
223
143
177
127
162
49
119
25
238
92
215
245
77
210
12
218
84
76
224
130
66
236
202
26
247
29
131
26
22
140
230
16
220
123
86
206
237
163
245
127
227
137
205
218
206
196
221
8
246
220
162
177
238
109
228
246
111
63
Operator1_coefficient_parameters 100
1
10
Operator1_coefficient_parameters 100
1
10
thetha_l 10
alpa 4
beta_l 7
pl 23
number_of_avg_runs 1
max_number_of_controllers 140
upper_bound_xy_limit 250
lower_bound_xy_limit 0
max_iterations 100
pool_computing 0
on_lb 5.000000e-01
off_lb 4.999000e-01
starting_pos 5.000000e-01
Carrom 0
***********simulannealbnd parms*************InitialTemperature: 1000000
ReannealInterval: 10000
StallIterLimit: 15
TolFun: 1.000000e-05
cooling: 9.999000e-01
