Operator1_bts_locations 156
121
37
34
121
74
124
214
133
41
41
197
107
137
206
59
143
145
193
141
48
149
164
59
178
159
169
189
217
186
88
139
73
118
218
118
131
172
77
151
97
123
20
44
200
200
250
83
85
177
78
149
6
212
161
99
8
193
163
46
2
188
242
47
6
2
176
151
151
112
126
163
213
168
48
129
119
41
227
72
123
191
80
72
31
219
184
19
168
128
123
78
139
85
76
38
82
91
242
181
223
51
192
219
105
30
125
226
18
145
133
46
109
2
103
250
4
235
78
221
69
159
122
53
146
125
187
42
218
160
85
100
72
250
209
24
244
41
3
217
236
22
33
13
217
46
190
183
139
207
196
47
205
16
19
227
49
238
93
208
Operator2_bts_locations 72
231
33
196
72
175
67
169
61
226
20
186
182
6
117
83
76
138
29
181
225
231
101
200
146
128
190
215
204
188
163
102
75
89
6
61
179
3
148
50
2
83
31
235
236
56
200
178
98
187
99
142
148
28
73
78
204
128
32
78
237
193
58
183
179
178
169
206
103
172
87
190
195
54
249
76
77
120
61
3
32
60
202
153
163
88
226
105
42
244
210
227
240
129
215
124
140
197
192
238
188
35
136
119
14
88
192
155
53
1
206
98
183
51
200
178
228
247
211
109
57
197
109
75
93
104
161
84
249
145
128
173
84
1
188
73
183
243
119
150
97
20
99
54
245
209
174
93
45
204
141
73
115
204
214
75
98
77
147
124
Operator1_coefficient_parameters 1
1.000000e-02
1.000000e-01
Operator1_coefficient_parameters 1
1.000000e-02
1.000000e-01
thetha_l 10
alpa 4
beta_l 7
pl 23
number_of_avg_runs 10
max_number_of_controllers 120
upper_bound_xy_limit 250
lower_bound_xy_limit 0
max_iterations 100
pool_computing 0
on_lb 5.000000e-01
off_lb 4.999000e-01
starting_pos 5.000000e-01
Carrom 0
***********simulannealbnd parms*************InitialTemperature: 1000000
ReannealInterval: 10000
StallIterLimit: 15
TolFun: 1.000000e-05
cooling: 9.999000e-01
