Operator1_bts_locations 132
18
136
168
159
115
35
250
152
223
164
23
135
180
48
130
183
206
151
240
53
64
70
95
248
9
87
163
24
126
113
12
18
220
89
210
227
203
170
128
249
120
213
225
19
119
85
164
143
217
154
2
169
2
131
64
129
126
169
118
113
70
147
78
51
236
219
243
136
26
239
141
124
219
57
226
152
48
51
75
159
233
153
158
186
82
23
244
39
38
168
64
173
20
213
23
249
45
116
186
120
108
154
247
5
44
212
81
241
70
159
20
163
246
131
24
42
79
132
193
200
168
73
223
124
129
188
24
40
189
205
108
242
9
66
156
160
104
237
96
130
229
61
223
81
148
164
96
171
51
192
201
213
108
219
152
109
80
107
165
242
78
127
55
200
10
193
27
9
91
98
73
26
207
20
140
246
40
102
147
81
69
218
54
9
210
196
76
31
135
213
10
71
190
164
188
175
149
88
202
Operator2_bts_locations 167
3
14
200
194
167
130
97
84
33
164
175
38
33
225
214
75
105
248
67
44
87
161
211
172
6
83
10
54
225
191
186
44
216
118
4
139
28
114
1
110
231
147
217
126
24
78
88
79
157
247
11
242
204
152
83
118
20
95
110
59
169
173
177
165
31
184
111
13
201
203
231
106
107
104
31
230
55
95
133
81
67
216
198
124
3
39
72
34
75
156
217
111
34
220
66
124
216
168
219
24
219
111
98
90
210
52
118
25
189
4
76
173
249
125
29
95
126
128
242
81
246
207
200
39
139
134
194
166
102
185
31
184
226
104
47
98
194
76
37
43
130
97
116
138
12
91
67
204
147
25
121
250
181
66
227
114
31
100
116
192
217
10
189
47
74
208
206
132
189
184
148
227
1
123
201
49
40
95
12
53
44
72
232
7
141
199
58
75
14
181
148
168
131
129
65
107
191
41
160
Operator1_coefficient_parameters 1
1.000000e-02
1.000000e-01
Operator1_coefficient_parameters 1
1.000000e-02
1.000000e-01
thetha_l 10
alpa 4
beta_l 7
pl 23
number_of_avg_runs 10
max_number_of_controllers 160
upper_bound_xy_limit 250
lower_bound_xy_limit 0
max_iterations 100
pool_computing 0
on_lb 5.000000e-01
off_lb 4.999000e-01
starting_pos 5.000000e-01
Carrom 0
***********simulannealbnd parms*************InitialTemperature: 1000000
ReannealInterval: 10000
StallIterLimit: 15
TolFun: 1.000000e-05
cooling: 9.999000e-01
