Operator1_bts_locations 34
122
121
44
4
193
220
54
88
41
141
176
122
134
52
179
156
240
1
72
131
66
96
165
51
241
248
19
74
18
199
159
35
3
36
140
87
54
234
110
126
26
25
80
29
208
106
20
109
16
248
123
180
29
141
86
78
125
51
198
214
240
240
90
182
205
205
64
197
230
205
81
81
128
230
109
76
53
162
132
24
235
14
94
111
72
117
95
5
104
187
112
185
21
228
118
172
170
77
69
126
86
168
106
10
49
60
151
191
42
97
56
94
158
6
184
56
92
153
187
205
182
107
181
33
153
195
15
208
98
231
12
204
208
224
138
31
126
123
58
210
105
239
184
220
191
40
72
135
109
72
118
33
127
191
15
220
116
250
175
245
145
78
161
177
115
114
68
220
232
219
212
130
5
23
145
87
218
16
125
Operator2_bts_locations 231
109
210
40
99
244
8
69
147
209
139
16
108
150
18
114
248
43
143
220
62
124
175
7
213
68
179
121
174
54
248
32
123
11
192
138
107
7
32
239
190
24
45
121
67
220
150
184
162
87
170
153
26
34
244
130
81
242
101
198
14
209
4
204
48
104
197
12
20
187
119
163
3
102
83
106
209
29
153
100
183
151
85
243
181
45
15
240
221
37
13
87
92
59
131
224
103
137
227
74
154
33
243
136
92
135
116
165
240
5
104
130
99
155
111
137
209
230
30
117
110
147
78
27
172
19
32
187
65
215
157
1
217
137
195
82
79
20
52
229
9
46
114
66
114
54
138
145
174
214
128
163
193
226
53
185
55
165
75
68
60
92
240
59
79
87
245
223
82
219
113
4
245
238
67
88
212
248
197
240
Operator1_coefficient_parameters 1
1.000000e-01
1
Operator1_coefficient_parameters 1
1.000000e-01
1
thetha_l 10
alpa 4
beta_l 7
pl 23
number_of_avg_runs 10
max_number_of_controllers 140
upper_bound_xy_limit 250
lower_bound_xy_limit 0
max_iterations 100
pool_computing 0
on_lb 5.000000e-01
off_lb 4.999000e-01
starting_pos 5.000000e-01
Carrom 0
***********simulannealbnd parms*************InitialTemperature: 1000000
ReannealInterval: 10000
StallIterLimit: 15
TolFun: 1.000000e-05
cooling: 9.999000e-01
