Operator1_bts_locations 93
14
7
100
236
41
119
149
163
105
200
205
56
106
192
213
200
46
247
174
206
37
41
105
97
120
138
56
54
2
31
90
124
205
44
40
22
142
39
153
182
107
111
234
56
210
22
115
58
42
249
143
6
8
121
122
246
10
65
172
90
219
42
132
103
151
63
31
127
175
155
143
179
43
237
63
31
35
80
195
105
117
218
133
77
42
83
49
112
131
184
43
149
215
112
15
42
191
59
170
41
71
137
221
43
132
202
111
81
63
143
96
25
18
1
166
48
42
165
240
119
90
203
83
103
27
55
158
148
141
239
48
204
238
28
116
41
32
156
115
216
244
212
46
164
188
5
107
140
94
85
112
98
179
159
137
41
214
214
217
85
154
128
189
84
220
97
153
154
27
172
40
68
35
208
188
199
92
189
60
30
125
209
3
216
47
115
166
4
127
72
140
118
33
48
156
247
130
217
15
96
63
44
160
143
163
138
133
156
170
149
155
150
96
41
194
170
216
193
237
168
194
170
220
198
129
23
115
219
235
27
237
107
84
91
19
155
233
221
204
77
93
163
99
231
198
197
74
27
3
123
50
219
19
94
124
238
83
152
97
186
27
213
132
174
131
8
190
165
136
82
231
150
182
65
149
20
156
91
169
Operator2_bts_locations 111
71
35
59
160
247
179
55
248
176
142
86
91
50
90
201
236
185
7
229
210
47
3
203
108
135
36
232
134
60
38
167
216
47
240
159
12
119
64
98
66
161
196
26
6
88
249
167
99
146
37
79
104
247
70
215
232
97
7
231
221
166
209
139
148
68
19
89
71
73
237
125
212
129
166
161
200
118
42
110
128
126
180
219
54
91
147
152
241
109
18
177
59
45
7
79
184
45
34
244
170
185
155
51
38
19
250
35
189
119
243
154
15
74
44
183
42
156
62
189
224
65
193
203
139
26
188
70
154
240
150
210
148
95
184
159
170
161
52
230
27
12
24
110
39
130
168
128
38
71
178
42
54
136
73
6
110
60
5
248
45
107
73
188
139
74
205
181
87
70
22
15
235
208
87
38
166
103
226
229
238
3
132
190
122
180
179
209
67
232
25
126
158
72
243
219
139
21
201
152
127
2
229
147
4
112
25
225
244
206
28
124
91
66
143
244
165
164
120
180
214
59
144
214
232
167
39
4
9
114
36
135
188
77
137
145
117
111
192
249
22
5
184
2
27
157
33
3
209
226
131
39
170
48
10
124
172
82
18
67
62
86
216
124
115
161
139
99
14
35
218
135
31
196
163
135
63
247
188
7
Operator1_coefficient_parameters 3.333333e-01
3.333333e-01
3.333333e-01
Operator1_coefficient_parameters 3.333333e-01
3.333333e-01
3.333333e-01
thetha_l 10
alpa 4
beta_l 7
pl 23
number_of_avg_runs 5
max_number_of_controllers 240
upper_bound_xy_limit 250
lower_bound_xy_limit 0
max_iterations 100
pool_computing 0
on_lb 5.000000e-01
off_lb 4.999000e-01
starting_pos 5.000000e-01
Carrom 1
***********simulannealbnd parms*************InitialTemperature: 1000000
ReannealInterval: 10000
StallIterLimit: 15
TolFun: 1.000000e-05
cooling: 9.999000e-01
