Operator1_bts_locations 163
187
8
134
62
177
31
183
231
112
162
85
101
173
164
154
92
235
89
54
118
142
56
215
223
57
140
152
152
197
226
95
167
216
71
135
55
30
124
159
198
38
77
46
46
81
201
184
202
3
178
69
154
9
122
153
237
181
194
74
190
95
203
103
20
64
126
234
235
104
166
6
133
83
27
248
190
57
21
188
234
153
63
81
85
174
63
38
204
143
178
48
100
138
241
157
129
134
7
177
78
205
234
173
98
140
61
67
176
133
9
238
84
25
111
121
65
24
210
1
137
8
64
195
245
160
23
169
219
64
41
237
167
145
190
100
48
194
229
98
1
236
155
11
244
195
65
26
191
229
183
175
192
129
41
3
133
14
44
246
Operator2_bts_locations 238
227
55
219
73
44
38
234
183
50
75
109
48
45
189
87
64
66
173
114
90
160
88
222
119
108
65
42
161
131
129
127
229
51
113
187
241
57
36
247
24
211
121
205
39
243
26
146
40
159
167
90
213
147
95
49
242
71
54
186
99
58
10
155
233
124
236
20
162
153
47
227
222
77
225
198
202
95
71
148
241
35
97
148
44
20
134
243
38
101
17
126
12
70
5
14
230
54
167
229
214
52
83
154
87
149
138
182
152
46
196
44
57
187
92
71
39
215
131
205
104
10
250
106
185
142
10
157
75
88
17
179
117
204
46
56
235
87
15
232
14
217
14
82
19
163
107
5
204
27
136
110
174
176
132
81
29
123
118
38
Operator1_coefficient_parameters 3.333333e-01
3.333333e-01
3.333333e-01
Operator1_coefficient_parameters 3.333333e-01
3.333333e-01
3.333333e-01
thetha_l 10
alpa 4
beta_l 7
pl 23
number_of_avg_runs 5
max_number_of_controllers 120
upper_bound_xy_limit 250
lower_bound_xy_limit 0
max_iterations 100
pool_computing 0
on_lb 5.000000e-01
off_lb 4.999000e-01
starting_pos 5.000000e-01
Carrom 1
***********simulannealbnd parms*************InitialTemperature: 1000000
ReannealInterval: 10000
StallIterLimit: 15
TolFun: 1.000000e-05
cooling: 9.999000e-01
