Operator1_bts_locations 73
200
15
226
178
119
15
26
90
197
163
105
120
86
196
193
72
221
68
221
244
153
221
203
91
78
111
25
133
202
184
140
5
141
76
90
65
18
234
85
50
213
11
239
234
93
209
235
108
126
99
202
48
90
133
111
153
167
186
182
186
26
230
7
8
21
213
233
66
33
217
72
31
152
62
213
163
227
83
218
122
160
22
27
218
124
62
45
95
163
37
155
105
127
57
16
132
49
69
179
248
35
105
182
141
207
162
108
245
232
217
247
224
176
218
94
10
147
119
43
241
109
95
59
84
123
218
15
241
198
99
236
149
94
15
130
202
41
207
240
184
180
35
218
111
133
78
223
35
243
185
43
212
239
99
114
153
37
150
41
225
135
92
156
230
111
195
82
27
123
178
67
152
110
150
122
207
193
7
169
250
218
147
250
7
204
214
137
190
245
38
143
180
184
145
116
81
16
194
158
192
112
173
126
88
69
148
135
99
100
19
201
90
219
166
111
198
129
175
29
Operator2_bts_locations 107
4
3
175
111
19
181
154
190
86
60
242
14
36
6
165
63
85
227
101
104
205
65
240
20
133
81
236
189
187
2
43
79
149
62
197
122
158
241
199
229
41
219
242
100
200
151
22
47
214
233
144
80
220
236
71
41
84
179
56
139
232
172
152
148
199
186
141
149
129
193
52
246
64
20
210
216
47
64
245
119
183
228
43
157
81
213
74
53
243
133
103
139
8
183
190
59
190
111
223
176
209
167
6
122
44
43
59
83
110
126
118
109
214
247
238
221
107
128
167
103
124
137
41
127
113
142
123
249
102
80
79
172
79
73
31
106
113
210
132
162
196
158
129
150
149
201
1
28
80
182
249
176
212
77
185
53
76
214
243
159
47
164
122
60
19
33
138
227
110
54
66
44
118
149
152
125
121
65
5
101
60
70
215
126
198
91
124
177
213
239
64
133
176
25
232
90
227
69
61
51
222
55
13
231
174
77
163
78
72
135
223
146
161
245
132
135
45
109
222
Operator1_coefficient_parameters 3.333333e-01
3.333333e-01
3.333333e-01
Operator1_coefficient_parameters 3.333333e-01
3.333333e-01
3.333333e-01
thetha_l 10
alpa 4
beta_l 7
pl 23
number_of_avg_runs 5
max_number_of_controllers 180
upper_bound_xy_limit 250
lower_bound_xy_limit 0
max_iterations 100
pool_computing 0
on_lb 5.000000e-01
off_lb 4.999000e-01
starting_pos 5.000000e-01
Carrom 1
***********simulannealbnd parms*************InitialTemperature: 1000000
ReannealInterval: 10000
StallIterLimit: 15
TolFun: 1.000000e-05
cooling: 9.999000e-01
