Operator1_bts_locations 2
83
41
150
181
11
47
188
166
15
168
120
210
231
146
219
31
160
15
226
204
23
36
221
138
206
130
192
186
101
202
36
120
134
95
79
249
108
61
66
229
26
86
223
59
95
40
37
105
135
213
2
75
38
142
179
232
127
247
243
245
158
106
200
122
204
67
243
221
70
36
171
6
152
156
66
77
40
191
147
205
231
68
189
248
26
160
116
27
168
198
146
75
236
19
120
79
62
52
234
136
94
250
217
125
214
183
113
232
241
90
211
196
212
92
14
164
180
143
86
8
210
136
30
6
143
31
222
172
48
37
49
11
98
97
60
49
217
37
87
236
66
13
117
224
172
233
151
143
243
171
229
117
122
196
117
97
235
86
69
88
196
43
84
175
184
78
5
80
80
135
196
190
151
186
86
166
121
245
46
18
249
217
20
109
165
202
91
82
112
245
187
111
126
191
37
180
154
19
87
78
79
131
11
117
114
46
60
232
8
11
147
4
208
232
198
116
24
186
38
240
144
178
119
66
53
32
241
99
50
241
28
72
128
147
213
218
210
112
84
83
57
46
80
32
236
61
141
207
45
184
2
73
190
181
19
105
250
144
147
242
177
34
105
218
169
98
10
92
10
181
165
98
209
229
184
250
159
43
223
19
47
206
17
135
60
122
89
225
153
247
149
164
232
198
28
225
64
134
7
Operator2_bts_locations 198
85
137
111
181
47
7
101
33
53
221
99
216
224
207
201
234
131
190
237
176
249
169
64
194
77
113
14
112
231
153
214
216
235
169
219
55
225
82
218
207
106
214
210
27
131
232
124
11
162
72
130
63
105
48
19
151
54
117
121
245
226
114
183
92
1
45
235
14
13
92
124
42
214
119
80
212
64
51
41
113
131
225
157
174
61
232
12
47
153
1
196
98
27
117
216
2
142
66
83
49
184
35
225
219
5
161
143
216
171
39
36
63
107
43
10
15
107
195
154
193
13
141
76
139
61
160
45
174
198
134
135
43
137
47
174
197
176
86
209
139
13
183
127
146
18
112
36
46
105
82
20
154
207
54
183
216
10
74
44
170
113
216
193
112
111
17
11
198
238
69
216
102
215
63
55
169
128
221
111
127
127
56
93
187
20
200
154
131
55
202
223
177
110
171
214
14
249
37
5
197
236
46
209
115
226
224
96
70
153
238
149
143
163
166
82
85
17
35
161
221
126
228
212
70
103
121
4
99
248
138
124
212
221
89
93
89
191
23
119
237
145
169
46
10
152
242
164
10
132
18
150
110
200
12
53
191
211
246
71
25
10
51
244
195
91
218
126
179
201
57
96
7
73
23
104
213
197
137
208
229
224
52
242
106
232
209
110
134
36
134
187
202
115
151
205
68
220
2
1
Operator1_coefficient_parameters 3.333333e-01
3.333333e-01
3.333333e-01
Operator1_coefficient_parameters 3.333333e-01
3.333333e-01
3.333333e-01
thetha_l 10
alpa 4
beta_l 7
pl 23
number_of_avg_runs 1
max_number_of_controllers 260
upper_bound_xy_limit 250
lower_bound_xy_limit 0
max_iterations 100
pool_computing 0
on_lb 5.000000e-01
off_lb 4.999000e-01
starting_pos 5.000000e-01
Carrom 0
***********simulannealbnd parms*************InitialTemperature: 1000000
ReannealInterval: 10000
StallIterLimit: 15
TolFun: 1.000000e-05
cooling: 9.999000e-01
