Operator1_bts_locations 204
212
237
9
4
81
131
150
35
241
117
93
90
205
59
79
67
94
190
237
91
199
162
230
199
16
225
73
240
126
93
185
49
8
35
105
191
33
3
224
27
188
167
141
58
161
41
173
112
46
45
168
104
196
217
99
121
158
67
164
152
116
8
175
145
138
156
95
227
89
172
122
107
9
188
164
231
224
18
226
107
209
242
143
239
29
67
20
169
13
151
147
195
124
19
186
196
33
189
97
76
82
105
39
63
53
91
111
181
94
1
247
76
138
182
224
241
35
205
208
75
50
213
162
229
66
31
231
120
178
26
234
113
222
172
75
21
204
132
136
57
40
205
135
184
70
234
126
242
231
172
234
130
60
112
164
230
139
101
165
231
129
37
199
16
44
232
207
226
211
3
129
197
209
59
179
199
52
104
46
46
28
114
236
143
26
72
113
80
123
9
190
10
103
54
83
112
173
19
69
87
240
145
11
99
172
237
105
79
222
140
218
146
88
144
158
36
51
13
131
66
36
70
198
89
5
34
79
139
204
205
235
26
207
233
157
77
143
149
47
207
215
181
60
123
231
147
173
150
171
244
166
216
250
219
84
163
201
53
178
187
234
188
134
184
163
174
207
98
190
111
26
111
73
96
81
128
178
53
209
81
217
84
53
26
236
232
109
207
181
240
241
198
59
95
84
121
138
23
206
Operator2_bts_locations 229
172
23
215
210
197
181
3
154
48
39
123
187
132
69
140
42
236
123
176
10
139
186
3
13
180
185
16
249
155
227
122
206
238
246
109
167
134
27
26
132
140
104
65
157
112
127
229
250
143
130
229
217
241
108
99
110
104
116
11
86
45
231
242
86
64
203
102
238
132
14
161
85
75
143
149
95
28
105
96
244
181
121
117
232
107
89
215
140
137
37
110
136
12
132
26
108
39
66
32
28
6
162
160
95
9
194
63
205
15
217
30
59
232
204
244
95
49
243
85
69
232
207
139
9
90
24
212
149
3
197
132
72
11
97
122
56
12
4
169
159
26
61
220
224
172
166
165
189
16
177
146
245
108
10
41
83
225
198
18
139
173
96
162
171
136
58
226
64
27
152
215
132
102
187
160
73
154
74
117
129
222
223
129
219
197
24
107
129
55
19
90
205
147
14
56
231
148
60
32
150
143
184
109
237
216
228
203
142
88
228
117
62
249
102
79
113
23
171
183
164
224
184
14
217
236
52
104
201
116
170
86
211
191
59
103
98
168
10
232
9
38
204
138
56
5
135
27
112
63
170
141
213
214
222
179
207
199
82
40
97
176
56
156
33
129
233
233
168
14
208
103
11
91
1
74
192
34
38
240
153
23
203
140
246
96
230
119
68
92
103
97
232
46
238
191
173
118
239
234
Operator1_coefficient_parameters 100
1
10
Operator1_coefficient_parameters 100
1
10
thetha_l 10
alpa 4
beta_l 7
pl 23
number_of_avg_runs 10
max_number_of_controllers 260
upper_bound_xy_limit 250
lower_bound_xy_limit 0
max_iterations 100
pool_computing 0
on_lb 5.000000e-01
off_lb 4.999000e-01
starting_pos 5.000000e-01
Carrom 0
***********simulannealbnd parms*************InitialTemperature: 1000000
ReannealInterval: 10000
StallIterLimit: 15
TolFun: 1.000000e-05
cooling: 9.999000e-01
