Operator1_bts_locations 67
119
192
173
23
235
105
11
173
248
179
91
240
27
36
196
102
95
223
65
45
170
103
40
22
239
33
248
24
168
167
89
5
56
57
108
123
241
85
14
178
118
26
12
27
168
174
196
208
36
87
191
195
101
186
7
145
231
87
157
35
239
81
54
231
136
109
153
169
48
237
131
68
34
13
134
18
81
215
227
184
246
61
80
206
27
96
226
214
204
114
130
200
237
164
25
16
225
103
144
225
165
64
223
198
49
34
181
191
141
53
133
42
132
126
244
104
177
4
71
128
130
86
246
175
215
147
23
156
242
73
124
13
203
21
50
198
248
127
53
148
86
44
232
127
80
210
149
250
162
81
24
60
113
206
10
126
222
14
37
123
148
203
123
68
185
96
173
238
103
240
196
218
245
37
27
134
246
69
97
109
109
99
69
187
223
46
133
66
71
192
116
131
117
45
100
51
3
95
42
210
112
144
189
65
219
100
85
16
15
157
39
175
73
100
133
78
113
119
168
107
13
70
152
45
228
170
106
221
125
100
169
245
151
11
142
165
153
88
198
206
78
43
177
12
34
122
209
30
155
36
187
114
120
70
148
24
160
97
70
187
81
112
36
148
131
2
78
220
153
212
120
190
225
196
22
194
30
71
126
234
227
234
23
226
216
95
103
223
181
61
70
76
20
117
161
102
161
52
33
Operator2_bts_locations 89
28
174
129
120
177
113
192
170
114
184
73
50
246
199
175
44
201
232
5
48
217
89
108
157
77
135
91
203
155
17
101
62
91
187
136
15
156
68
35
226
88
127
162
99
232
46
101
63
183
210
168
166
207
211
157
151
204
74
159
170
156
139
66
62
65
156
1
193
143
54
149
48
82
100
136
195
44
236
199
75
65
198
60
58
53
109
110
167
138
48
70
19
76
184
210
68
107
221
171
151
33
119
197
20
84
166
241
59
231
85
28
14
206
127
108
55
122
75
29
232
58
36
149
238
221
232
7
140
83
237
136
155
250
135
149
223
3
150
37
182
229
72
201
8
195
191
16
194
34
224
237
220
51
192
243
178
112
85
65
209
140
225
246
134
167
124
72
23
15
117
21
37
65
110
201
20
191
119
54
229
34
132
16
215
125
192
231
22
74
197
213
132
96
72
21
227
197
97
157
240
222
86
109
112
91
161
83
3
157
229
179
6
56
196
3
149
67
200
89
103
16
198
226
238
91
44
58
159
11
39
167
74
204
244
60
182
224
148
109
169
127
45
99
63
69
111
53
148
238
108
75
95
125
119
145
177
1
175
105
109
227
55
103
213
141
2
33
145
89
76
22
90
72
186
105
28
137
173
41
181
123
39
223
55
247
145
149
114
131
72
138
39
16
221
82
109
122
73
222
Operator1_coefficient_parameters 3.333333e-01
3.333333e-01
3.333333e-01
Operator1_coefficient_parameters 3.333333e-01
3.333333e-01
3.333333e-01
thetha_l 10
alpa 4
beta_l 7
pl 23
number_of_avg_runs 5
max_number_of_controllers 260
upper_bound_xy_limit 250
lower_bound_xy_limit 0
max_iterations 100
pool_computing 0
on_lb 5.000000e-01
off_lb 4.999000e-01
starting_pos 5.000000e-01
Carrom 1
***********simulannealbnd parms*************InitialTemperature: 1000000
ReannealInterval: 10000
StallIterLimit: 15
TolFun: 1.000000e-05
cooling: 9.999000e-01
