Operator1_bts_locations 171
58
67
20
166
66
71
149
26
176
133
38
99
164
111
210
65
160
97
46
7
125
126
190
236
44
23
61
104
39
20
169
176
238
176
158
20
245
19
148
94
90
241
49
138
181
118
73
199
5
77
200
204
37
132
4
130
209
161
211
164
43
113
179
228
228
228
93
53
90
28
176
237
130
81
249
50
200
47
238
19
250
152
25
109
20
9
150
203
51
16
10
217
235
203
144
33
116
70
40
176
36
206
194
245
47
181
100
132
111
92
176
75
143
13
133
241
231
60
88
247
103
150
54
85
40
113
147
190
65
142
237
174
2
205
68
84
215
150
111
88
229
85
206
198
24
93
166
29
139
135
132
8
225
235
26
117
241
235
144
235
73
130
177
107
54
57
76
152
189
114
184
59
172
26
188
28
99
67
185
Operator2_bts_locations 189
99
92
181
220
177
29
57
162
215
123
39
125
84
160
187
122
148
236
145
67
219
67
106
191
58
4
17
154
199
142
150
31
136
173
13
154
193
246
110
142
69
56
250
47
7
150
48
187
55
171
216
56
54
9
136
216
227
18
58
172
137
226
215
155
107
242
221
147
31
3
73
72
54
163
106
222
209
91
138
185
166
194
230
206
226
30
108
243
53
17
71
20
224
97
225
27
187
88
23
163
237
64
143
25
171
33
241
238
87
107
161
216
92
52
177
32
178
201
151
227
21
83
232
121
3
129
86
148
174
72
232
98
193
15
178
211
110
235
165
174
213
118
12
113
47
49
80
126
69
140
196
236
129
89
227
162
126
132
107
163
136
61
222
156
46
148
6
135
118
100
189
4
210
149
242
190
23
243
33
Operator1_coefficient_parameters 100
1
10
Operator1_coefficient_parameters 100
1
10
thetha_l 10
alpa 4
beta_l 7
pl 23
number_of_avg_runs 10
max_number_of_controllers 140
upper_bound_xy_limit 250
lower_bound_xy_limit 0
max_iterations 100
pool_computing 0
on_lb 5.000000e-01
off_lb 4.999000e-01
starting_pos 5.000000e-01
Carrom 0
***********simulannealbnd parms*************InitialTemperature: 1000000
ReannealInterval: 10000
StallIterLimit: 15
TolFun: 1.000000e-05
cooling: 9.999000e-01
